trip_id,arrival_time,departure_time,stop_id,stop_sequence,pickup_type,drop_off_type
16623211,06:30:00,06:30:00,8035,0,0,0
16623211,06:30:00,06:30:00,7840,1,0,0
16623211,06:31:00,06:31:00,8033,2,0,0
16623211,06:39:00,06:39:00,339,3,0,0
16623211,06:41:00,06:41:00,337,4,0,0
16623211,06:42:00,06:42:00,335,5,0,0
16623211,06:43:00,06:43:00,333,6,0,0
16623211,06:45:00,06:45:00,326,7,0,0
16623211,06:47:00,06:47:00,322,8,0,0
16623211,06:49:00,06:49:00,3,9,0,0
16623212,06:49:00,06:49:00,3,0,0,0
16623212,06:50:00,06:50:00,2702,1,0,0
16623212,06:51:00,06:51:00,53,2,0,0
16623212,06:54:00,06:54:00,7842,3,0,0
16623212,06:55:00,06:55:00,321,4,0,0
16623212,06:57:00,06:57:00,325,5,0,0
16623212,07:01:00,07:01:00,332,6,0,0
16623212,07:02:00,07:02:00,334,7,0,0
16623212,07:03:00,07:03:00,336,8,0,0
16623212,07:04:00,07:04:00,338,9,0,0
16623212,07:06:00,07:06:00,340,10,0,0
16623212,07:23:00,07:23:00,8036,11,0,0
16623212,07:26:00,07:26:00,8035,12,0,0
16623213,07:30:00,07:30:00,8035,0,0,0
16623213,07:30:00,07:30:00,7840,1,0,0
16623213,07:31:00,07:31:00,8033,2,0,0
16623213,07:42:00,07:42:00,339,3,0,0
16623213,07:44:00,07:44:00,337,4,0,0
16623213,07:45:00,07:45:00,335,5,0,0
16623213,07:46:00,07:46:00,333,6,0,0
16623213,07:50:00,07:50:00,326,7,0,0
16623213,07:52:00,07:52:00,322,8,0,0
16623213,07:54:00,07:54:00,3,9,0,0
16623214,07:54:00,07:54:00,3,0,0,0
16623214,07:55:00,07:55:00,2702,1,0,0
16623214,07:57:00,07:57:00,53,2,0,0
16623214,08:00:00,08:00:00,7842,3,0,0
16623214,08:00:00,08:00:00,321,4,0,0
16623214,08:03:00,08:03:00,325,5,0,0
16623214,08:07:00,08:07:00,332,6,0,0
16623214,08:08:00,08:08:00,334,7,0,0
16623214,08:09:00,08:09:00,336,8,0,0
16623214,08:11:00,08:11:00,338,9,0,0
16623214,08:13:00,08:13:00,340,10,0,0
16623214,08:32:00,08:32:00,8036,11,0,0
16623214,08:35:00,08:35:00,8035,12,0,0
16623215,08:45:00,08:45:00,8035,0,0,0
16623215,08:45:00,08:45:00,7840,1,0,0
16623215,08:46:00,08:46:00,8033,2,0,0
16623215,08:55:00,08:55:00,339,3,0,0
16623215,08:56:00,08:56:00,337,4,0,0
16623215,08:58:00,08:58:00,335,5,0,0
16623215,08:59:00,08:59:00,333,6,0,0
16623215,09:01:00,09:01:00,326,7,0,0
16623215,09:03:00,09:03:00,322,8,0,0
16623215,09:05:00,09:05:00,3,9,0,0
16623216,09:05:00,09:05:00,3,0,0,0
16623216,09:06:00,09:06:00,2702,1,0,0
16623216,09:07:00,09:07:00,53,2,0,0
16623216,09:10:00,09:10:00,7842,3,0,0
16623216,09:10:00,09:10:00,321,4,0,0
16623216,09:13:00,09:13:00,325,5,0,0
16623216,09:16:00,09:16:00,332,6,0,0
16623216,09:16:00,09:16:00,334,7,0,0
16623216,09:17:00,09:17:00,336,8,0,0
16623216,09:19:00,09:19:00,338,9,0,0
16623216,09:21:00,09:21:00,340,10,0,0
16623216,09:36:00,09:36:00,8036,11,0,0
16623216,09:39:00,09:39:00,8035,12,0,0
16623217,11:00:00,11:00:00,8035,0,0,0
16623217,11:00:00,11:00:00,7840,1,0,0
16623217,11:01:00,11:01:00,8033,2,0,0
16623217,11:08:00,11:08:00,339,3,0,0
16623217,11:10:00,11:10:00,337,4,0,0
16623217,11:11:00,11:11:00,335,5,0,0
16623217,11:11:00,11:11:00,333,6,0,0
16623217,11:14:00,11:14:00,326,7,0,0
16623217,11:15:00,11:15:00,322,8,0,0
16623217,11:17:00,11:17:00,3,9,0,0
16623218,11:17:00,11:17:00,3,0,0,0
16623218,11:18:00,11:18:00,2702,1,0,0
16623218,11:19:00,11:19:00,53,2,0,0
16623218,11:21:00,11:21:00,7842,3,0,0
16623218,11:22:00,11:22:00,321,4,0,0
16623218,11:24:00,11:24:00,325,5,0,0
16623218,11:27:00,11:27:00,332,6,0,0
16623218,11:28:00,11:28:00,334,7,0,0
16623218,11:29:00,11:29:00,336,8,0,0
16623218,11:30:00,11:30:00,338,9,0,0
16623218,11:32:00,11:32:00,340,10,0,0
16623218,11:46:00,11:46:00,8036,11,0,0
16623218,11:49:00,11:49:00,8035,12,0,0
16623219,12:00:00,12:00:00,8035,0,0,0
16623219,12:00:00,12:00:00,7840,1,0,0
16623219,12:01:00,12:01:00,8033,2,0,0
16623219,12:08:00,12:08:00,339,3,0,0
16623219,12:10:00,12:10:00,337,4,0,0
16623219,12:11:00,12:11:00,335,5,0,0
16623219,12:11:00,12:11:00,333,6,0,0
16623219,12:14:00,12:14:00,326,7,0,0
16623219,12:15:00,12:15:00,322,8,0,0
16623219,12:17:00,12:17:00,3,9,0,0
16623220,12:17:00,12:17:00,3,0,0,0
16623220,12:18:00,12:18:00,2702,1,0,0
16623220,12:19:00,12:19:00,53,2,0,0
16623220,12:21:00,12:21:00,7842,3,0,0
16623220,12:22:00,12:22:00,321,4,0,0
16623220,12:24:00,12:24:00,325,5,0,0
16623220,12:27:00,12:27:00,332,6,0,0
16623220,12:28:00,12:28:00,334,7,0,0
16623220,12:29:00,12:29:00,336,8,0,0
16623220,12:30:00,12:30:00,338,9,0,0
16623220,12:32:00,12:32:00,340,10,0,0
16623220,12:46:00,12:46:00,8036,11,0,0
16623220,12:49:00,12:49:00,8035,12,0,0
16623221,06:42:00,06:42:00,8035,0,0,0
16623221,06:42:00,06:42:00,7840,1,0,0
16623221,06:43:00,06:43:00,8033,2,0,0
16623221,06:53:00,06:53:00,339,3,0,0
16623221,06:55:00,06:55:00,337,4,0,0
16623221,06:56:00,06:56:00,335,5,0,0
16623221,06:57:00,06:57:00,333,6,0,0
16623221,07:00:00,07:00:00,326,7,0,0
16623221,07:02:00,07:02:00,322,8,0,0
16623221,07:04:00,07:04:00,3,9,0,0
16623222,07:04:00,07:04:00,3,0,0,0
16623222,07:05:00,07:05:00,2702,1,0,0
16623222,07:07:00,07:07:00,53,2,0,0
16623222,07:09:00,07:09:00,7842,3,0,0
16623222,07:10:00,07:10:00,321,4,0,0
16623222,07:13:00,07:13:00,325,5,0,0
16623222,07:16:00,07:16:00,332,6,0,0
16623222,07:17:00,07:17:00,334,7,0,0
16623222,07:18:00,07:18:00,336,8,0,0
16623222,07:19:00,07:19:00,338,9,0,0
16623222,07:21:00,07:21:00,340,10,0,0
16623222,07:39:00,07:39:00,8036,11,0,0
16623222,07:42:00,07:42:00,8035,12,0,0
16623223,07:45:00,07:45:00,8035,0,0,0
16623223,07:45:00,07:45:00,7840,1,0,0
16623223,07:46:00,07:46:00,8033,2,0,0
16623223,07:57:00,07:57:00,339,3,0,0
16623223,07:59:00,07:59:00,337,4,0,0
16623223,08:00:00,08:00:00,335,5,0,0
16623223,08:01:00,08:01:00,333,6,0,0
16623223,08:05:00,08:05:00,326,7,0,0
16623223,08:07:00,08:07:00,322,8,0,0
16623223,08:09:00,08:09:00,3,9,0,0
16623224,08:09:00,08:09:00,3,0,0,0
16623224,08:10:00,08:10:00,2702,1,0,0
16623224,08:11:00,08:11:00,53,2,0,0
16623224,08:14:00,08:14:00,7842,3,0,0
16623224,08:15:00,08:15:00,321,4,0,0
16623224,08:17:00,08:17:00,325,5,0,0
16623224,08:20:00,08:20:00,332,6,0,0
16623224,08:21:00,08:21:00,334,7,0,0
16623224,08:22:00,08:22:00,336,8,0,0
16623224,08:23:00,08:23:00,338,9,0,0
16623224,08:26:00,08:26:00,340,10,0,0
16623224,08:42:00,08:42:00,8036,11,0,0
16623224,08:45:00,08:45:00,8035,12,0,0
16623225,09:00:00,09:00:00,8035,0,0,0
16623225,09:00:00,09:00:00,7840,1,0,0
16623225,09:01:00,09:01:00,8033,2,0,0
16623225,09:09:00,09:09:00,339,3,0,0
16623225,09:10:00,09:10:00,337,4,0,0
16623225,09:11:00,09:11:00,335,5,0,0
16623225,09:12:00,09:12:00,333,6,0,0
16623225,09:15:00,09:15:00,326,7,0,0
16623225,09:16:00,09:16:00,322,8,0,0
16623225,09:18:00,09:18:00,3,9,0,0
16623226,09:18:00,09:18:00,3,0,0,0
16623226,09:19:00,09:19:00,2702,1,0,0
16623226,09:20:00,09:20:00,53,2,0,0
16623226,09:23:00,09:23:00,7842,3,0,0
16623226,09:23:00,09:23:00,321,4,0,0
16623226,09:25:00,09:25:00,325,5,0,0
16623226,09:28:00,09:28:00,332,6,0,0
16623226,09:29:00,09:29:00,334,7,0,0
16623226,09:30:00,09:30:00,336,8,0,0
16623226,09:31:00,09:31:00,338,9,0,0
16623226,09:33:00,09:33:00,340,10,0,0
16623226,09:48:00,09:48:00,8036,11,0,0
16623226,09:51:00,09:51:00,8035,12,0,0
16623227,10:40:00,10:40:00,8035,0,0,0
16623227,10:40:00,10:40:00,7840,1,0,0
16623227,10:41:00,10:41:00,8033,2,0,0
16623227,10:49:00,10:49:00,339,3,0,0
16623227,10:50:00,10:50:00,337,4,0,0
16623227,10:51:00,10:51:00,335,5,0,0
16623227,10:52:00,10:52:00,333,6,0,0
16623227,10:55:00,10:55:00,326,7,0,0
16623227,10:56:00,10:56:00,322,8,0,0
16623227,10:58:00,10:58:00,3,9,0,0
16623228,10:58:00,10:58:00,3,0,0,0
16623228,10:59:00,10:59:00,2702,1,0,0
16623228,11:00:00,11:00:00,53,2,0,0
16623228,11:03:00,11:03:00,7842,3,0,0
16623228,11:03:00,11:03:00,321,4,0,0
16623228,11:06:00,11:06:00,325,5,0,0
16623228,11:09:00,11:09:00,332,6,0,0
16623228,11:09:00,11:09:00,334,7,0,0
16623228,11:10:00,11:10:00,336,8,0,0
16623228,11:12:00,11:12:00,338,9,0,0
16623228,11:14:00,11:14:00,340,10,0,0
16623228,11:29:00,11:29:00,8036,11,0,0
16623228,11:32:00,11:32:00,8035,12,0,0
16623229,12:40:00,12:40:00,8035,0,0,0
16623229,12:40:00,12:40:00,7840,1,0,0
16623229,12:41:00,12:41:00,8033,2,0,0
16623229,12:49:00,12:49:00,339,3,0,0
16623229,12:50:00,12:50:00,337,4,0,0
16623229,12:51:00,12:51:00,335,5,0,0
16623229,12:52:00,12:52:00,333,6,0,0
16623229,12:55:00,12:55:00,326,7,0,0
16623229,12:56:00,12:56:00,322,8,0,0
16623229,12:58:00,12:58:00,3,9,0,0
16623230,12:58:00,12:58:00,3,0,0,0
16623230,12:59:00,12:59:00,2702,1,0,0
16623230,13:00:00,13:00:00,53,2,0,0
16623230,13:03:00,13:03:00,7842,3,0,0
16623230,13:03:00,13:03:00,321,4,0,0
16623230,13:06:00,13:06:00,325,5,0,0
16623230,13:09:00,13:09:00,332,6,0,0
16623230,13:09:00,13:09:00,334,7,0,0
16623230,13:10:00,13:10:00,336,8,0,0
16623230,13:12:00,13:12:00,338,9,0,0
16623230,13:14:00,13:14:00,340,10,0,0
16623230,13:29:00,13:29:00,8036,11,0,0
16623230,13:32:00,13:32:00,8035,12,0,0
16623231,14:04:00,14:04:00,8035,0,0,0
16623231,14:04:00,14:04:00,7840,1,0,0
16623231,14:05:00,14:05:00,8033,2,0,0
16623231,14:13:00,14:13:00,339,3,0,0
16623231,14:15:00,14:15:00,337,4,0,0
16623231,14:16:00,14:16:00,335,5,0,0
16623231,14:17:00,14:17:00,333,6,0,0
16623231,14:19:00,14:19:00,326,7,0,0
16623231,14:21:00,14:21:00,322,8,0,0
16623231,14:23:00,14:23:00,3,9,0,0
16623232,14:23:00,14:23:00,3,0,0,0
16623232,14:24:00,14:24:00,2702,1,0,0
16623232,14:25:00,14:25:00,53,2,0,0
16623232,14:28:00,14:28:00,7842,3,0,0
16623232,14:29:00,14:29:00,321,4,0,0
16623232,14:31:00,14:31:00,325,5,0,0
16623232,14:35:00,14:35:00,332,6,0,0
16623232,14:36:00,14:36:00,334,7,0,0
16623232,14:37:00,14:37:00,336,8,0,0
16623232,14:38:00,14:38:00,338,9,0,0
16623232,14:40:00,14:40:00,340,10,0,0
16623232,14:57:00,14:57:00,8036,11,0,0
16623232,15:00:00,15:00:00,8035,12,0,0
16623233,06:54:00,06:54:00,8035,0,0,0
16623233,06:54:00,06:54:00,7840,1,0,0
16623233,06:55:00,06:55:00,8033,2,0,0
16623233,07:05:00,07:05:00,339,3,0,0
16623233,07:07:00,07:07:00,337,4,0,0
16623233,07:08:00,07:08:00,335,5,0,0
16623233,07:09:00,07:09:00,333,6,0,0
16623233,07:12:00,07:12:00,326,7,0,0
16623233,07:14:00,07:14:00,322,8,0,0
16623233,07:16:00,07:16:00,3,9,0,0
16623234,07:16:00,07:16:00,3,0,0,0
16623234,07:17:00,07:17:00,2702,1,0,0
16623234,07:19:00,07:19:00,53,2,0,0
16623234,07:22:00,07:22:00,7842,3,0,0
16623234,07:22:00,07:22:00,321,4,0,0
16623234,07:25:00,07:25:00,325,5,0,0
16623234,07:29:00,07:29:00,332,6,0,0
16623234,07:30:00,07:30:00,334,7,0,0
16623234,07:31:00,07:31:00,336,8,0,0
16623234,07:32:00,07:32:00,338,9,0,0
16623234,07:34:00,07:34:00,340,10,0,0
16623234,07:53:00,07:53:00,8036,11,0,0
16623234,07:56:00,07:56:00,8035,12,0,0
16623235,08:00:00,08:00:00,8035,0,0,0
16623235,08:00:00,08:00:00,7840,1,0,0
16623235,08:01:00,08:01:00,8033,2,0,0
16623235,08:11:00,08:11:00,339,3,0,0
16623235,08:13:00,08:13:00,337,4,0,0
16623235,08:14:00,08:14:00,335,5,0,0
16623235,08:15:00,08:15:00,333,6,0,0
16623235,08:18:00,08:18:00,326,7,0,0
16623235,08:20:00,08:20:00,322,8,0,0
16623235,08:22:00,08:22:00,3,9,0,0
16623236,08:22:00,08:22:00,3,0,0,0
16623236,08:23:00,08:23:00,2702,1,0,0
16623236,08:25:00,08:25:00,53,2,0,0
16623236,08:27:00,08:27:00,7842,3,0,0
16623236,08:28:00,08:28:00,321,4,0,0
16623236,08:31:00,08:31:00,325,5,0,0
16623236,08:34:00,08:34:00,332,6,0,0
16623236,08:35:00,08:35:00,334,7,0,0
16623236,08:36:00,08:36:00,336,8,0,0
16623236,08:37:00,08:37:00,338,9,0,0
16623236,08:39:00,08:39:00,340,10,0,0
16623236,08:57:00,08:57:00,8036,11,0,0
16623236,09:00:00,09:00:00,8035,12,0,0
16623237,09:20:00,09:20:00,8035,0,0,0
16623237,09:20:00,09:20:00,7840,1,0,0
16623237,09:21:00,09:21:00,8033,2,0,0
16623237,09:29:00,09:29:00,339,3,0,0
16623237,09:30:00,09:30:00,337,4,0,0
16623237,09:31:00,09:31:00,335,5,0,0
16623237,09:32:00,09:32:00,333,6,0,0
16623237,09:35:00,09:35:00,326,7,0,0
16623237,09:36:00,09:36:00,322,8,0,0
16623237,09:38:00,09:38:00,3,9,0,0
16623238,09:38:00,09:38:00,3,0,0,0
16623238,09:39:00,09:39:00,2702,1,0,0
16623238,09:40:00,09:40:00,53,2,0,0
16623238,09:42:00,09:42:00,7842,3,0,0
16623238,09:43:00,09:43:00,321,4,0,0
16623238,09:45:00,09:45:00,325,5,0,0
16623238,09:47:00,09:47:00,332,6,0,0
16623238,09:48:00,09:48:00,334,7,0,0
16623238,09:49:00,09:49:00,336,8,0,0
16623238,09:50:00,09:50:00,338,9,0,0
16623238,09:52:00,09:52:00,340,10,0,0
16623238,10:05:00,10:05:00,8036,11,0,0
16623238,10:08:00,10:08:00,8035,12,0,0
16623239,10:20:00,10:20:00,8035,0,0,0
16623239,10:20:00,10:20:00,7840,1,0,0
16623239,10:21:00,10:21:00,8033,2,0,0
16623239,10:28:00,10:28:00,339,3,0,0
16623239,10:30:00,10:30:00,337,4,0,0
16623239,10:31:00,10:31:00,335,5,0,0
16623239,10:31:00,10:31:00,333,6,0,0
16623239,10:34:00,10:34:00,326,7,0,0
16623239,10:35:00,10:35:00,322,8,0,0
16623239,10:37:00,10:37:00,3,9,0,0
16623240,10:37:00,10:37:00,3,0,0,0
16623240,10:38:00,10:38:00,2702,1,0,0
16623240,10:39:00,10:39:00,53,2,0,0
16623240,10:41:00,10:41:00,7842,3,0,0
16623240,10:42:00,10:42:00,321,4,0,0
16623240,10:44:00,10:44:00,325,5,0,0
16623240,10:47:00,10:47:00,332,6,0,0
16623240,10:48:00,10:48:00,334,7,0,0
16623240,10:49:00,10:49:00,336,8,0,0
16623240,10:50:00,10:50:00,338,9,0,0
16623240,10:52:00,10:52:00,340,10,0,0
16623240,11:06:00,11:06:00,8036,11,0,0
16623240,11:09:00,11:09:00,8035,12,0,0
16623241,12:20:00,12:20:00,8035,0,0,0
16623241,12:20:00,12:20:00,7840,1,0,0
16623241,12:21:00,12:21:00,8033,2,0,0
16623241,12:28:00,12:28:00,339,3,0,0
16623241,12:30:00,12:30:00,337,4,0,0
16623241,12:31:00,12:31:00,335,5,0,0
16623241,12:31:00,12:31:00,333,6,0,0
16623241,12:34:00,12:34:00,326,7,0,0
16623241,12:35:00,12:35:00,322,8,0,0
16623241,12:37:00,12:37:00,3,9,0,0
16623242,12:37:00,12:37:00,3,0,0,0
16623242,12:38:00,12:38:00,2702,1,0,0
16623242,12:39:00,12:39:00,53,2,0,0
16623242,12:42:00,12:42:00,7842,3,0,0
16623242,12:42:00,12:42:00,321,4,0,0
16623242,12:45:00,12:45:00,325,5,0,0
16623242,12:48:00,12:48:00,332,6,0,0
16623242,12:49:00,12:49:00,334,7,0,0
16623242,12:50:00,12:50:00,336,8,0,0
16623242,12:51:00,12:51:00,338,9,0,0
16623242,12:53:00,12:53:00,340,10,0,0
16623242,13:09:00,13:09:00,8036,11,0,0
16623242,13:12:00,13:12:00,8035,12,0,0
16623243,13:40:00,13:40:00,8035,0,0,0
16623243,13:40:00,13:40:00,7840,1,0,0
16623243,13:41:00,13:41:00,8033,2,0,0
16623243,13:49:00,13:49:00,339,3,0,0
16623243,13:50:00,13:50:00,337,4,0,0
16623243,13:51:00,13:51:00,335,5,0,0
16623243,13:52:00,13:52:00,333,6,0,0
16623243,13:55:00,13:55:00,326,7,0,0
16623243,13:56:00,13:56:00,322,8,0,0
16623243,13:58:00,13:58:00,3,9,0,0
16623244,13:58:00,13:58:00,3,0,0,0
16623244,13:59:00,13:59:00,2702,1,0,0
16623244,14:00:00,14:00:00,53,2,0,0
16623244,14:03:00,14:03:00,7842,3,0,0
16623244,14:03:00,14:03:00,321,4,0,0
16623244,14:06:00,14:06:00,325,5,0,0
16623244,14:09:00,14:09:00,332,6,0,0
16623244,14:09:00,14:09:00,334,7,0,0
16623244,14:10:00,14:10:00,336,8,0,0
16623244,14:12:00,14:12:00,338,9,0,0
16623244,14:14:00,14:14:00,340,10,0,0
16623244,14:29:00,14:29:00,8036,11,0,0
16623244,14:32:00,14:32:00,8035,12,0,0
16623245,14:40:00,14:40:00,8035,0,0,0
16623245,14:40:00,14:40:00,7840,1,0,0
16623245,14:41:00,14:41:00,8033,2,0,0
16623245,14:51:00,14:51:00,339,3,0,0
16623245,14:53:00,14:53:00,337,4,0,0
16623245,14:54:00,14:54:00,335,5,0,0
16623245,14:55:00,14:55:00,333,6,0,0
16623245,14:58:00,14:58:00,326,7,0,0
16623245,15:00:00,15:00:00,322,8,0,0
16623245,15:02:00,15:02:00,3,9,0,0
16623246,07:06:00,07:06:00,8035,0,0,0
16623246,07:06:00,07:06:00,7840,1,0,0
16623246,07:07:00,07:07:00,8033,2,0,0
16623246,07:18:00,07:18:00,339,3,0,0
16623246,07:19:00,07:19:00,337,4,0,0
16623246,07:21:00,07:21:00,335,5,0,0
16623246,07:22:00,07:22:00,333,6,0,0
16623246,07:25:00,07:25:00,326,7,0,0
16623246,07:27:00,07:27:00,322,8,0,0
16623246,07:29:00,07:29:00,3,9,0,0
16623247,07:29:00,07:29:00,3,0,0,0
16623247,07:30:00,07:30:00,2702,1,0,0
16623247,07:32:00,07:32:00,53,2,0,0
16623247,07:34:00,07:34:00,7842,3,0,0
16623247,07:35:00,07:35:00,321,4,0,0
16623247,07:38:00,07:38:00,325,5,0,0
16623247,07:41:00,07:41:00,332,6,0,0
16623247,07:42:00,07:42:00,334,7,0,0
16623247,07:43:00,07:43:00,336,8,0,0
16623247,07:45:00,07:45:00,338,9,0,0
16623247,07:47:00,07:47:00,340,10,0,0
16623247,08:05:00,08:05:00,8036,11,0,0
16623247,08:08:00,08:08:00,8035,12,0,0
16623248,08:15:00,08:15:00,8035,0,0,0
16623248,08:15:00,08:15:00,7840,1,0,0
16623248,08:16:00,08:16:00,8033,2,0,0
16623248,08:27:00,08:27:00,339,3,0,0
16623248,08:29:00,08:29:00,337,4,0,0
16623248,08:30:00,08:30:00,335,5,0,0
16623248,08:31:00,08:31:00,333,6,0,0
16623248,08:35:00,08:35:00,326,7,0,0
16623248,08:37:00,08:37:00,322,8,0,0
16623248,08:39:00,08:39:00,3,9,0,0
16623249,08:39:00,08:39:00,3,0,0,0
16623249,08:40:00,08:40:00,2702,1,0,0
16623249,08:41:00,08:41:00,53,2,0,0
16623249,08:44:00,08:44:00,7842,3,0,0
16623249,08:44:00,08:44:00,321,4,0,0
16623249,08:47:00,08:47:00,325,5,0,0
16623249,08:50:00,08:50:00,332,6,0,0
16623249,08:51:00,08:51:00,334,7,0,0
16623249,08:52:00,08:52:00,336,8,0,0
16623249,08:53:00,08:53:00,338,9,0,0
16623249,08:55:00,08:55:00,340,10,0,0
16623249,09:11:00,09:11:00,8036,11,0,0
16623249,09:14:00,09:14:00,8035,12,0,0
16623250,09:40:00,09:40:00,8035,0,0,0
16623250,09:40:00,09:40:00,7840,1,0,0
16623250,09:41:00,09:41:00,8033,2,0,0
16623250,09:48:00,09:48:00,339,3,0,0
16623250,09:50:00,09:50:00,337,4,0,0
16623250,09:51:00,09:51:00,335,5,0,0
16623250,09:51:00,09:51:00,333,6,0,0
16623250,09:54:00,09:54:00,326,7,0,0
16623250,09:55:00,09:55:00,322,8,0,0
16623250,09:57:00,09:57:00,3,9,0,0
16623251,09:57:00,09:57:00,3,0,0,0
16623251,09:58:00,09:58:00,2702,1,0,0
16623251,09:59:00,09:59:00,53,2,0,0
16623251,10:01:00,10:01:00,7842,3,0,0
16623251,10:02:00,10:02:00,321,4,0,0
16623251,10:04:00,10:04:00,325,5,0,0
16623251,10:07:00,10:07:00,332,6,0,0
16623251,10:08:00,10:08:00,334,7,0,0
16623251,10:09:00,10:09:00,336,8,0,0
16623251,10:10:00,10:10:00,338,9,0,0
16623251,10:12:00,10:12:00,340,10,0,0
16623251,10:26:00,10:26:00,8036,11,0,0
16623251,10:29:00,10:29:00,8035,12,0,0
16623252,11:40:00,11:40:00,8035,0,0,0
16623252,11:40:00,11:40:00,7840,1,0,0
16623252,11:41:00,11:41:00,8033,2,0,0
16623252,11:48:00,11:48:00,339,3,0,0
16623252,11:50:00,11:50:00,337,4,0,0
16623252,11:51:00,11:51:00,335,5,0,0
16623252,11:51:00,11:51:00,333,6,0,0
16623252,11:54:00,11:54:00,326,7,0,0
16623252,11:55:00,11:55:00,322,8,0,0
16623252,11:57:00,11:57:00,3,9,0,0
16623253,11:57:00,11:57:00,3,0,0,0
16623253,11:58:00,11:58:00,2702,1,0,0
16623253,11:59:00,11:59:00,53,2,0,0
16623253,12:01:00,12:01:00,7842,3,0,0
16623253,12:02:00,12:02:00,321,4,0,0
16623253,12:04:00,12:04:00,325,5,0,0
16623253,12:07:00,12:07:00,332,6,0,0
16623253,12:08:00,12:08:00,334,7,0,0
16623253,12:09:00,12:09:00,336,8,0,0
16623253,12:10:00,12:10:00,338,9,0,0
16623253,12:12:00,12:12:00,340,10,0,0
16623253,12:26:00,12:26:00,8036,11,0,0
16623253,12:29:00,12:29:00,8035,12,0,0
16623254,13:52:00,13:52:00,8035,0,0,0
16623254,13:52:00,13:52:00,7840,1,0,0
16623254,13:53:00,13:53:00,8033,2,0,0
16623254,14:00:00,14:00:00,339,3,0,0
16623254,14:02:00,14:02:00,337,4,0,0
16623254,14:03:00,14:03:00,335,5,0,0
16623254,14:03:00,14:03:00,333,6,0,0
16623254,14:06:00,14:06:00,326,7,0,0
16623254,14:07:00,14:07:00,322,8,0,0
16623254,14:09:00,14:09:00,3,9,0,0
16623255,14:09:00,14:09:00,3,0,0,0
16623255,14:10:00,14:10:00,2702,1,0,0
16623255,14:11:00,14:11:00,53,2,0,0
16623255,14:14:00,14:14:00,7842,3,0,0
16623255,14:14:00,14:14:00,321,4,0,0
16623255,14:17:00,14:17:00,325,5,0,0
16623255,14:20:00,14:20:00,332,6,0,0
16623255,14:21:00,14:21:00,334,7,0,0
16623255,14:22:00,14:22:00,336,8,0,0
16623255,14:23:00,14:23:00,338,9,0,0
16623255,14:25:00,14:25:00,340,10,0,0
16623255,14:41:00,14:41:00,8036,11,0,0
16623255,14:44:00,14:44:00,8035,12,0,0
16623256,14:52:00,14:52:00,8035,0,0,0
16623256,14:52:00,14:52:00,7840,1,0,0
16623256,14:53:00,14:53:00,8033,2,0,0
16623256,15:02:00,15:02:00,339,3,0,0
16623256,15:03:00,15:03:00,337,4,0,0
16623256,15:05:00,15:05:00,335,5,0,0
16623256,15:06:00,15:06:00,333,6,0,0
16623256,15:08:00,15:08:00,326,7,0,0
16623256,15:10:00,15:10:00,322,8,0,0
16623256,15:12:00,15:12:00,3,9,0,0
16623257,07:18:00,07:18:00,8035,0,0,0
16623257,07:18:00,07:18:00,7840,1,0,0
16623257,07:19:00,07:19:00,8033,2,0,0
16623257,07:31:00,07:31:00,339,3,0,0
16623257,07:32:00,07:32:00,337,4,0,0
16623257,07:34:00,07:34:00,335,5,0,0
16623257,07:35:00,07:35:00,333,6,0,0
16623257,07:38:00,07:38:00,326,7,0,0
16623257,07:40:00,07:40:00,322,8,0,0
16623257,07:43:00,07:43:00,3,9,0,0
16623258,07:43:00,07:43:00,3,0,0,0
16623258,07:44:00,07:44:00,2702,1,0,0
16623258,07:45:00,07:45:00,53,2,0,0
16623258,07:48:00,07:48:00,7842,3,0,0
16623258,07:49:00,07:49:00,321,4,0,0
16623258,07:51:00,07:51:00,325,5,0,0
16623258,07:55:00,07:55:00,332,6,0,0
16623258,07:56:00,07:56:00,334,7,0,0
16623258,07:57:00,07:57:00,336,8,0,0
16623258,07:58:00,07:58:00,338,9,0,0
16623258,08:00:00,08:00:00,340,10,0,0
16623258,08:17:00,08:17:00,8036,11,0,0
16623258,08:20:00,08:20:00,8035,12,0,0
16623259,08:30:00,08:30:00,8035,0,0,0
16623259,08:30:00,08:30:00,7840,1,0,0
16623259,08:31:00,08:31:00,8033,2,0,0
16623259,08:41:00,08:41:00,339,3,0,0
16623259,08:43:00,08:43:00,337,4,0,0
16623259,08:44:00,08:44:00,335,5,0,0
16623259,08:45:00,08:45:00,333,6,0,0
16623259,08:48:00,08:48:00,326,7,0,0
16623259,08:50:00,08:50:00,322,8,0,0
16623259,08:52:00,08:52:00,3,9,0,0
16623260,08:52:00,08:52:00,3,0,0,0
16623260,08:53:00,08:53:00,2702,1,0,0
16623260,08:54:00,08:54:00,53,2,0,0
16623260,08:57:00,08:57:00,7842,3,0,0
16623260,08:57:00,08:57:00,321,4,0,0
16623260,09:00:00,09:00:00,325,5,0,0
16623260,09:03:00,09:03:00,332,6,0,0
16623260,09:03:00,09:03:00,334,7,0,0
16623260,09:04:00,09:04:00,336,8,0,0
16623260,09:06:00,09:06:00,338,9,0,0
16623260,09:08:00,09:08:00,340,10,0,0
16623260,09:23:00,09:23:00,8036,11,0,0
16623260,09:26:00,09:26:00,8035,12,0,0
16623261,10:00:00,10:00:00,8035,0,0,0
16623261,10:00:00,10:00:00,7840,1,0,0
16623261,10:01:00,10:01:00,8033,2,0,0
16623261,10:09:00,10:09:00,339,3,0,0
16623261,10:10:00,10:10:00,337,4,0,0
16623261,10:11:00,10:11:00,335,5,0,0
16623261,10:12:00,10:12:00,333,6,0,0
16623261,10:15:00,10:15:00,326,7,0,0
16623261,10:16:00,10:16:00,322,8,0,0
16623261,10:18:00,10:18:00,3,9,0,0
16623262,10:18:00,10:18:00,3,0,0,0
16623262,10:19:00,10:19:00,2702,1,0,0
16623262,10:20:00,10:20:00,53,2,0,0
16623262,10:23:00,10:23:00,7842,3,0,0
16623262,10:23:00,10:23:00,321,4,0,0
16623262,10:26:00,10:26:00,325,5,0,0
16623262,10:29:00,10:29:00,332,6,0,0
16623262,10:29:00,10:29:00,334,7,0,0
16623262,10:30:00,10:30:00,336,8,0,0
16623262,10:32:00,10:32:00,338,9,0,0
16623262,10:34:00,10:34:00,340,10,0,0
16623262,10:49:00,10:49:00,8036,11,0,0
16623262,10:52:00,10:52:00,8035,12,0,0
16623263,11:20:00,11:20:00,8035,0,0,0
16623263,11:20:00,11:20:00,7840,1,0,0
16623263,11:21:00,11:21:00,8033,2,0,0
16623263,11:28:00,11:28:00,339,3,0,0
16623263,11:30:00,11:30:00,337,4,0,0
16623263,11:31:00,11:31:00,335,5,0,0
16623263,11:31:00,11:31:00,333,6,0,0
16623263,11:34:00,11:34:00,326,7,0,0
16623263,11:35:00,11:35:00,322,8,0,0
16623263,11:37:00,11:37:00,3,9,0,0
16623264,11:37:00,11:37:00,3,0,0,0
16623264,11:38:00,11:38:00,2702,1,0,0
16623264,11:39:00,11:39:00,53,2,0,0
16623264,11:41:00,11:41:00,7842,3,0,0
16623264,11:42:00,11:42:00,321,4,0,0
16623264,11:44:00,11:44:00,325,5,0,0
16623264,11:47:00,11:47:00,332,6,0,0
16623264,11:48:00,11:48:00,334,7,0,0
16623264,11:49:00,11:49:00,336,8,0,0
16623264,11:50:00,11:50:00,338,9,0,0
16623264,11:52:00,11:52:00,340,10,0,0
16623264,12:06:00,12:06:00,8036,11,0,0
16623264,12:09:00,12:09:00,8035,12,0,0
16623265,13:00:00,13:00:00,8035,0,0,0
16623265,13:00:00,13:00:00,7840,1,0,0
16623265,13:01:00,13:01:00,8033,2,0,0
16623265,13:08:00,13:08:00,339,3,0,0
16623265,13:10:00,13:10:00,337,4,0,0
16623265,13:11:00,13:11:00,335,5,0,0
16623265,13:11:00,13:11:00,333,6,0,0
16623265,13:14:00,13:14:00,326,7,0,0
16623265,13:15:00,13:15:00,322,8,0,0
16623265,13:17:00,13:17:00,3,9,0,0
16623266,13:17:00,13:17:00,3,0,0,0
16623266,13:18:00,13:18:00,2702,1,0,0
16623266,13:19:00,13:19:00,53,2,0,0
16623266,13:22:00,13:22:00,7842,3,0,0
16623266,13:22:00,13:22:00,321,4,0,0
16623266,13:25:00,13:25:00,325,5,0,0
16623266,13:28:00,13:28:00,332,6,0,0
16623266,13:29:00,13:29:00,334,7,0,0
16623266,13:30:00,13:30:00,336,8,0,0
16623266,13:31:00,13:31:00,338,9,0,0
16623266,13:33:00,13:33:00,340,10,0,0
16623266,13:49:00,13:49:00,8036,11,0,0
16623266,13:52:00,13:52:00,8035,12,0,0
16623267,14:16:00,14:16:00,8035,0,0,0
16623267,14:16:00,14:16:00,7840,1,0,0
16623267,14:17:00,14:17:00,8033,2,0,0
16623267,14:26:00,14:26:00,339,3,0,0
16623267,14:27:00,14:27:00,337,4,0,0
16623267,14:29:00,14:29:00,335,5,0,0
16623267,14:30:00,14:30:00,333,6,0,0
16623267,14:32:00,14:32:00,326,7,0,0
16623267,14:34:00,14:34:00,322,8,0,0
16623267,14:36:00,14:36:00,3,9,0,0
16623268,14:36:00,14:36:00,3,0,0,0
16623268,14:37:00,14:37:00,2702,1,0,0
16623268,14:39:00,14:39:00,53,2,0,0
16623268,14:41:00,14:41:00,7842,3,0,0
16623268,14:42:00,14:42:00,321,4,0,0
16623268,14:45:00,14:45:00,325,5,0,0
16623268,14:48:00,14:48:00,332,6,0,0
16623268,14:49:00,14:49:00,334,7,0,0
16623268,14:50:00,14:50:00,336,8,0,0
16623268,14:52:00,14:52:00,338,9,0,0
16623268,14:54:00,14:54:00,340,10,0,0
16623268,15:12:00,15:12:00,8036,11,0,0
16623268,15:15:00,15:15:00,8035,12,0,0
16623269,13:20:00,13:20:00,8035,0,0,0
16623269,13:20:00,13:20:00,7840,1,0,0
16623269,13:21:00,13:21:00,8033,2,0,0
16623269,13:29:00,13:29:00,339,3,0,0
16623269,13:30:00,13:30:00,337,4,0,0
16623269,13:31:00,13:31:00,335,5,0,0
16623269,13:32:00,13:32:00,333,6,0,0
16623269,13:35:00,13:35:00,326,7,0,0
16623269,13:36:00,13:36:00,322,8,0,0
16623269,13:38:00,13:38:00,3,9,0,0
16623270,13:38:00,13:38:00,3,0,0,0
16623270,13:39:00,13:39:00,2702,1,0,0
16623270,13:40:00,13:40:00,53,2,0,0
16623270,13:43:00,13:43:00,7842,3,0,0
16623270,13:43:00,13:43:00,321,4,0,0
16623270,13:46:00,13:46:00,325,5,0,0
16623270,13:49:00,13:49:00,332,6,0,0
16623270,13:49:00,13:49:00,334,7,0,0
16623270,13:50:00,13:50:00,336,8,0,0
16623270,13:52:00,13:52:00,338,9,0,0
16623270,13:54:00,13:54:00,340,10,0,0
16623270,14:09:00,14:09:00,8036,11,0,0
16623270,14:12:00,14:12:00,8035,12,0,0
16623271,14:28:00,14:28:00,8035,0,0,0
16623271,14:28:00,14:28:00,7840,1,0,0
16623271,14:29:00,14:29:00,8033,2,0,0
16623271,14:38:00,14:38:00,339,3,0,0
16623271,14:39:00,14:39:00,337,4,0,0
16623271,14:41:00,14:41:00,335,5,0,0
16623271,14:42:00,14:42:00,333,6,0,0
16623271,14:44:00,14:44:00,326,7,0,0
16623271,14:46:00,14:46:00,322,8,0,0
16623271,14:48:00,14:48:00,3,9,0,0
16623272,14:48:00,14:48:00,3,0,0,0
16623272,14:49:00,14:49:00,2702,1,0,0
16623272,14:51:00,14:51:00,53,2,0,0
16623272,14:53:00,14:53:00,7842,3,0,0
16623272,14:54:00,14:54:00,321,4,0,0
16623272,14:57:00,14:57:00,325,5,0,0
16623272,15:00:00,15:00:00,332,6,0,0
16623272,15:01:00,15:01:00,334,7,0,0
16623272,15:02:00,15:02:00,336,8,0,0
16623272,15:04:00,15:04:00,338,9,0,0
16623272,15:06:00,15:06:00,340,10,0,0
16623272,15:24:00,15:24:00,8036,11,0,0
16623272,15:27:00,15:27:00,8035,12,0,0
16623273,15:02:00,15:02:00,3,0,0,0
16623273,15:03:00,15:03:00,2702,1,0,0
16623273,15:05:00,15:05:00,53,2,0,0
16623273,15:07:00,15:07:00,7842,3,0,0
16623273,15:08:00,15:08:00,321,4,0,0
16623273,15:11:00,15:11:00,325,5,0,0
16623273,15:14:00,15:14:00,332,6,0,0
16623273,15:15:00,15:15:00,334,7,0,0
16623273,15:16:00,15:16:00,336,8,0,0
16623273,15:17:00,15:17:00,338,9,0,0
16623273,15:19:00,15:19:00,340,10,0,0
16623273,15:37:00,15:37:00,8036,11,0,0
16623273,15:40:00,15:40:00,8035,12,0,0
16623274,15:40:00,15:40:00,8035,0,0,0
16623274,15:40:00,15:40:00,7840,1,0,0
16623274,15:41:00,15:41:00,8033,2,0,0
16623274,15:52:00,15:52:00,339,3,0,0
16623274,15:54:00,15:54:00,337,4,0,0
16623274,15:55:00,15:55:00,335,5,0,0
16623274,15:56:00,15:56:00,333,6,0,0
16623274,16:00:00,16:00:00,326,7,0,0
16623274,16:02:00,16:02:00,322,8,0,0
16623274,16:04:00,16:04:00,3,9,0,0
16623275,16:04:00,16:04:00,3,0,0,0
16623275,16:05:00,16:05:00,2702,1,0,0
16623275,16:06:00,16:06:00,53,2,0,0
16623275,16:09:00,16:09:00,7842,3,0,0
16623275,16:09:00,16:09:00,321,4,0,0
16623275,16:12:00,16:12:00,325,5,0,0
16623275,16:15:00,16:15:00,332,6,0,0
16623275,16:15:00,16:15:00,334,7,0,0
16623275,16:16:00,16:16:00,336,8,0,0
16623275,16:18:00,16:18:00,338,9,0,0
16623275,16:20:00,16:20:00,340,10,0,0
16623275,16:35:00,16:35:00,8036,11,0,0
16623275,16:38:00,16:38:00,8035,12,0,0
16623276,15:04:00,15:04:00,8035,0,0,0
16623276,15:04:00,15:04:00,7840,1,0,0
16623276,15:05:00,15:05:00,8033,2,0,0
16623276,15:14:00,15:14:00,339,3,0,0
16623276,15:15:00,15:15:00,337,4,0,0
16623276,15:17:00,15:17:00,335,5,0,0
16623276,15:18:00,15:18:00,333,6,0,0
16623276,15:20:00,15:20:00,326,7,0,0
16623276,15:22:00,15:22:00,322,8,0,0
16623276,15:24:00,15:24:00,3,9,0,0
16623277,15:24:00,15:24:00,3,0,0,0
16623277,15:25:00,15:25:00,2702,1,0,0
16623277,15:27:00,15:27:00,53,2,0,0
16623277,15:29:00,15:29:00,7842,3,0,0
16623277,15:30:00,15:30:00,321,4,0,0
16623277,15:33:00,15:33:00,325,5,0,0
16623277,15:36:00,15:36:00,332,6,0,0
16623277,15:37:00,15:37:00,334,7,0,0
16623277,15:38:00,15:38:00,336,8,0,0
16623277,15:39:00,15:39:00,338,9,0,0
16623277,15:41:00,15:41:00,340,10,0,0
16623277,15:59:00,15:59:00,8036,11,0,0
16623277,16:02:00,16:02:00,8035,12,0,0
16623278,15:12:00,15:12:00,3,0,0,0
16623278,15:13:00,15:13:00,2702,1,0,0
16623278,15:15:00,15:15:00,53,2,0,0
16623278,15:17:00,15:17:00,7842,3,0,0
16623278,15:18:00,15:18:00,321,4,0,0
16623278,15:21:00,15:21:00,325,5,0,0
16623278,15:24:00,15:24:00,332,6,0,0
16623278,15:25:00,15:25:00,334,7,0,0
16623278,15:26:00,15:26:00,336,8,0,0
16623278,15:28:00,15:28:00,338,9,0,0
16623278,15:30:00,15:30:00,340,10,0,0
16623278,15:48:00,15:48:00,8036,11,0,0
16623278,15:51:00,15:51:00,8035,12,0,0
16623279,16:00:00,16:00:00,8035,0,0,0
16623279,16:00:00,16:00:00,7840,1,0,0
16623279,16:01:00,16:01:00,8033,2,0,0
16623279,16:09:00,16:09:00,339,3,0,0
16623279,16:11:00,16:11:00,337,4,0,0
16623279,16:12:00,16:12:00,335,5,0,0
16623279,16:13:00,16:13:00,333,6,0,0
16623279,16:15:00,16:15:00,326,7,0,0
16623279,16:17:00,16:17:00,322,8,0,0
16623279,16:19:00,16:19:00,3,9,0,0
16623280,16:19:00,16:19:00,3,0,0,0
16623280,16:20:00,16:20:00,2702,1,0,0
16623280,16:22:00,16:22:00,53,2,0,0
16623280,16:24:00,16:24:00,7842,3,0,0
16623280,16:25:00,16:25:00,321,4,0,0
16623280,16:28:00,16:28:00,325,5,0,0
16623280,16:31:00,16:31:00,332,6,0,0
16623280,16:32:00,16:32:00,334,7,0,0
16623280,16:33:00,16:33:00,336,8,0,0
16623280,16:35:00,16:35:00,338,9,0,0
16623280,16:37:00,16:37:00,340,10,0,0
16623280,16:55:00,16:55:00,8036,11,0,0
16623280,16:58:00,16:58:00,8035,12,0,0
16623281,15:16:00,15:16:00,8035,0,0,0
16623281,15:16:00,15:16:00,7840,1,0,0
16623281,15:17:00,15:17:00,8033,2,0,0
16623281,15:26:00,15:26:00,339,3,0,0
16623281,15:27:00,15:27:00,337,4,0,0
16623281,15:29:00,15:29:00,335,5,0,0
16623281,15:30:00,15:30:00,333,6,0,0
16623281,15:32:00,15:32:00,326,7,0,0
16623281,15:34:00,15:34:00,322,8,0,0
16623281,15:36:00,15:36:00,3,9,0,0
16623282,15:36:00,15:36:00,3,0,0,0
16623282,15:37:00,15:37:00,2702,1,0,0
16623282,15:39:00,15:39:00,53,2,0,0
16623282,15:41:00,15:41:00,7842,3,0,0
16623282,15:42:00,15:42:00,321,4,0,0
16623282,15:45:00,15:45:00,325,5,0,0
16623282,15:48:00,15:48:00,332,6,0,0
16623282,15:49:00,15:49:00,334,7,0,0
16623282,15:50:00,15:50:00,336,8,0,0
16623282,15:51:00,15:51:00,338,9,0,0
16623282,15:53:00,15:53:00,340,10,0,0
16623282,16:11:00,16:11:00,8036,11,0,0
16623282,16:14:00,16:14:00,8035,12,0,0
16623283,16:40:00,16:40:00,8035,0,0,0
16623283,16:40:00,16:40:00,7840,1,0,0
16623283,16:41:00,16:41:00,8033,2,0,0
16623283,16:49:00,16:49:00,339,3,0,0
16623283,16:51:00,16:51:00,337,4,0,0
16623283,16:52:00,16:52:00,335,5,0,0
16623283,16:53:00,16:53:00,333,6,0,0
16623283,16:55:00,16:55:00,326,7,0,0
16623283,16:57:00,16:57:00,322,8,0,0
16623283,16:59:00,16:59:00,3,9,0,0
16623284,16:59:00,16:59:00,3,0,0,0
16623284,17:00:00,17:00:00,2702,1,0,0
16623284,17:02:00,17:02:00,53,2,0,0
16623284,17:04:00,17:04:00,7842,3,0,0
16623284,17:05:00,17:05:00,321,4,0,0
16623284,17:08:00,17:08:00,325,5,0,0
16623284,17:11:00,17:11:00,332,6,0,0
16623284,17:12:00,17:12:00,334,7,0,0
16623284,17:13:00,17:13:00,336,8,0,0
16623284,17:15:00,17:15:00,338,9,0,0
16623284,17:17:00,17:17:00,340,10,0,0
16623284,17:35:00,17:35:00,8036,11,0,0
16623284,17:38:00,17:38:00,8035,12,0,0
16623285,15:28:00,15:28:00,8035,0,0,0
16623285,15:28:00,15:28:00,7840,1,0,0
16623285,15:29:00,15:29:00,8033,2,0,0
16623285,15:37:00,15:37:00,339,3,0,0
16623285,15:38:00,15:38:00,337,4,0,0
16623285,15:39:00,15:39:00,335,5,0,0
16623285,15:40:00,15:40:00,333,6,0,0
16623285,15:43:00,15:43:00,326,7,0,0
16623285,15:44:00,15:44:00,322,8,0,0
16623285,15:46:00,15:46:00,3,9,0,0
16623286,15:46:00,15:46:00,3,0,0,0
16623286,15:47:00,15:47:00,2702,1,0,0
16623286,15:48:00,15:48:00,53,2,0,0
16623286,15:51:00,15:51:00,7842,3,0,0
16623286,15:52:00,15:52:00,321,4,0,0
16623286,15:54:00,15:54:00,325,5,0,0
16623286,15:58:00,15:58:00,332,6,0,0
16623286,15:59:00,15:59:00,334,7,0,0
16623286,16:00:00,16:00:00,336,8,0,0
16623286,16:01:00,16:01:00,338,9,0,0
16623286,16:03:00,16:03:00,340,10,0,0
16623286,16:20:00,16:20:00,8036,11,0,0
16623286,16:23:00,16:23:00,8035,12,0,0
16623287,17:15:00,17:15:00,8035,0,0,0
16623287,17:15:00,17:15:00,7840,1,0,0
16623287,17:16:00,17:16:00,8033,2,0,0
16623287,17:25:00,17:25:00,339,3,0,0
16623287,17:27:00,17:27:00,337,4,0,0
16623287,17:28:00,17:28:00,335,5,0,0
16623287,17:29:00,17:29:00,333,6,0,0
16623287,17:32:00,17:32:00,326,7,0,0
16623287,17:34:00,17:34:00,322,8,0,0
16623287,17:36:00,17:36:00,3,9,0,0
16623288,17:36:00,17:36:00,3,0,0,0
16623288,17:37:00,17:37:00,2702,1,0,0
16623288,17:38:00,17:38:00,53,2,0,0
16623288,17:41:00,17:41:00,7842,3,0,0
16623288,17:41:00,17:41:00,321,4,0,0
16623288,17:44:00,17:44:00,325,5,0,0
16623288,17:47:00,17:47:00,332,6,0,0
16623288,17:47:00,17:47:00,334,7,0,0
16623288,17:48:00,17:48:00,336,8,0,0
16623288,17:50:00,17:50:00,338,9,0,0
16623288,17:52:00,17:52:00,340,10,0,0
16623288,18:07:00,18:07:00,8036,11,0,0
16623288,18:10:00,18:10:00,8035,12,0,0
16623289,18:10:00,18:10:00,8035,0,0,0
16623289,18:10:00,18:10:00,7840,1,0,0
16623289,18:11:00,18:11:00,8033,2,0,0
16623289,18:20:00,18:20:00,339,3,0,0
16623289,18:21:00,18:21:00,337,4,0,0
16623289,18:23:00,18:23:00,335,5,0,0
16623289,18:24:00,18:24:00,333,6,0,0
16623289,18:26:00,18:26:00,326,7,0,0
16623289,18:28:00,18:28:00,322,8,0,0
16623289,18:30:00,18:30:00,3,9,0,0
16623290,18:30:00,18:30:00,3,0,0,0
16623290,18:31:00,18:31:00,2702,1,0,0
16623290,18:32:00,18:32:00,53,2,0,0
16623290,18:35:00,18:35:00,7842,3,0,0
16623290,18:35:00,18:35:00,321,4,0,0
16623290,18:37:00,18:37:00,325,5,0,0
16623290,18:40:00,18:40:00,332,6,0,0
16623290,18:41:00,18:41:00,334,7,0,0
16623290,18:42:00,18:42:00,336,8,0,0
16623290,18:43:00,18:43:00,338,9,0,0
16623290,18:45:00,18:45:00,340,10,0,0
16623290,19:00:00,19:00:00,8036,11,0,0
16623290,19:03:00,19:03:00,8035,12,0,0
