route_id,service_id,trip_id,trip_headsign,shape_id,direction_id
40090011,22358,16638021,AGIA NAPA,40090011,0
40070011,22358,16638022,PARALIMNI,40070011,0
40150011,22358,16638023,LARNAKA,40150011,0
40150012,22358,16638024,CENTRAL BUS ST.,40150012,1
40010011,22358,16638025,AG. NAPA (W/PARK),40010011,0
40110011,22358,16638026,KONNOS,40110011,0
40110012,22358,16638027,XYLOTYMPOU,40110012,1
40110011,22358,16638028,KONNOS,40110011,0
40120011,22358,16638029,KONNOS,40120011,0
40100011,22358,16638030,AGIA NAPA,40100011,0
40100011,22358,16638031,AGIA NAPA,40100011,0
40130011,22358,16638032,AGIA NAPA,40130011,0
40080011,22358,16638033,KONNOS,40080011,0
40080012,22358,16638034,E.A.C. DHEKELIA,40080012,1
40080011,22358,16638035,KONNOS,40080011,0
40180011,22358,16638036,AGIA THEKLA BEACH,40180011,0
40160011,22358,16638037,LARNAKA,40160011,0
40160012,22358,16638038,PARALIMNI SQ. BUS,40160012,1
40140011,22358,16638039,AGIA NAPA,40140011,0
40140012,22358,16638040,DERYNEIA,40140012,1
40140011,22358,16638041,AGIA NAPA,40140011,0
40280011,22358,16638042,LARNAKA,40280011,0
40040011,22358,16638043,DERYNEIA,40040011,0
40040011,22358,16638044,DERYNEIA,40040011,0
40250012,22358,16638045,XYLOFAGOU,40250012,1
40000011,22358,16638046,PARALIMNI,40000011,0
40000011,22358,16638047,PARALIMNI,40000011,0
40000011,22358,16638048,PARALIMNI,40000011,0
40110011,22358,16638049,KONNOS,40110011,0
40090011,22358,16638050,AGIA NAPA,40090011,0
40090012,22358,16638051,E.A.C. DHEKELIA,40090012,1
40000011,22358,16638052,PARALIMNI,40000011,0
40000011,22358,16638053,PARALIMNI,40000011,0
40010011,22358,16638054,AG. NAPA (W/PARK),40010011,0
40010011,22358,16638055,AG. NAPA (W/PARK),40010011,0
40010011,22358,16638056,AG. NAPA (W/PARK),40010011,0
40070011,22358,16638057,PARALIMNI,40070011,0
40130011,22358,16638058,AGIA NAPA,40130011,0
40130012,22358,16638059,STROVILIA,40130012,1
40080011,22358,16638060,KONNOS,40080011,0
40100011,22358,16638061,AGIA NAPA,40100011,0
40120011,22358,16638062,KONNOS,40120011,0
40260011,22358,16638063,GENERAL HOSPITAL,40260011,0
40260012,22358,16638064,XYLOFAGOU,40260012,1
40010011,22358,16638065,AG. NAPA (W/PARK),40010011,0
40010011,22358,16638066,AG. NAPA (W/PARK),40010011,0
40010011,22358,16638067,AG. NAPA (W/PARK),40010011,0
40020011,22358,16638068,WEST CIRCLE LINE,40020011,0
40020011,22358,16638069,WEST CIRCLE LINE,40020011,0
40020011,22358,16638070,WEST CIRCLE LINE,40020011,0
40000011,22358,16638071,PARALIMNI,40000011,0
40000011,22358,16638072,PARALIMNI,40000011,0
40050011,22358,16638073,DERYNEIA,40050011,0
40050011,22358,16638074,DERYNEIA,40050011,0
40120012,22358,16638075,STROVILIA,40120012,1
40150011,22358,16638076,LARNAKA,40150011,0
40150012,22358,16638077,CENTRAL BUS ST.,40150012,1
40010011,22358,16638078,AG. NAPA (W/PARK),40010011,0
40010011,22358,16638079,AG. NAPA (W/PARK),40010011,0
40000011,22358,16638080,PARALIMNI,40000011,0
40000011,22358,16638081,PARALIMNI,40000011,0
40100011,22358,16638082,AGIA NAPA,40100011,0
40100012,22358,16638083,DASAKI ACHNAS,40100012,1
40090011,22358,16638084,AGIA NAPA,40090011,0
40010011,22358,16638085,AG. NAPA (W/PARK),40010011,0
40010011,22358,16638086,AG. NAPA (W/PARK),40010011,0
40100012,22358,16638087,DASAKI ACHNAS,40100012,1
40050011,22358,16638088,DERYNEIA,40050011,0
40050011,22358,16638089,DERYNEIA,40050011,0
40040011,22358,16638090,DERYNEIA,40040011,0
40130011,22358,16638091,AGIA NAPA,40130011,0
40130012,22358,16638092,STROVILIA,40130012,1
40130011,22358,16638093,AGIA NAPA,40130011,0
40130012,22358,16638094,STROVILIA,40130012,1
40010011,22358,16638095,AG. NAPA (W/PARK),40010011,0
40010011,22358,16638096,AG. NAPA (W/PARK),40010011,0
40150011,22358,16638097,LARNAKA,40150011,0
40150012,22358,16638098,CENTRAL BUS ST.,40150012,1
40160011,22358,16638099,LARNAKA,40160011,0
40160012,22358,16638100,PARALIMNI SQ. BUS,40160012,1
40000011,22358,16638101,PARALIMNI,40000011,0
40000011,22358,16638102,PARALIMNI,40000011,0
40220011,22358,16638103,EAST CIRCLE LINE,40220011,0
40220011,22358,16638104,EAST CIRCLE LINE,40220011,0
40220011,22358,16638105,EAST CIRCLE LINE,40220011,0
40170011,22358,16638106,LARNAKA,40170011,0
40170012,22358,16638107,PARALIMNI,40170012,1
40030011,22358,16638108,CIRCLE LINE,40030011,0
40030011,22358,16638109,CIRCLE LINE,40030011,0
40030011,22358,16638110,CIRCLE LINE,40030011,0
40030011,22358,16638111,CIRCLE LINE,40030011,0
40030011,22358,16638112,CIRCLE LINE,40030011,0
40000011,22358,16638113,PARALIMNI,40000011,0
40000011,22358,16638114,PARALIMNI,40000011,0
40170012,22358,16638115,PARALIMNI,40170012,1
40170011,22358,16638116,LARNAKA,40170011,0
40170012,22358,16638117,PARALIMNI,40170012,1
40010011,22358,16638118,AG. NAPA (W/PARK),40010011,0
40010011,22358,16638119,AG. NAPA (W/PARK),40010011,0
40050011,22358,16638120,DERYNEIA,40050011,0
40000011,22358,16638121,PARALIMNI,40000011,0
40000011,22358,16638122,PARALIMNI,40000011,0
40120011,22358,16638123,KONNOS,40120011,0
40010011,22358,16638124,AG. NAPA (W/PARK),40010011,0
40010011,22358,16638125,AG. NAPA (W/PARK),40010011,0
40160011,22358,16638126,LARNAKA,40160011,0
40160012,22358,16638127,PARALIMNI SQ. BUS,40160012,1
40040011,22358,16638128,DERYNEIA,40040011,0
40040011,22358,16638129,DERYNEIA,40040011,0
40010011,22358,16638130,AG. NAPA (W/PARK),40010011,0
40000011,22358,16638131,PARALIMNI,40000011,0
40000011,22358,16638132,PARALIMNI,40000011,0
40010011,22358,16638133,AG. NAPA (W/PARK),40010011,0
40050011,22358,16638134,DERYNEIA,40050011,0
40170011,22358,16638135,LARNAKA,40170011,0
40170012,22358,16638136,PARALIMNI,40170012,1
40000011,22358,16638137,PARALIMNI,40000011,0
40010011,22358,16638138,AG. NAPA (W/PARK),40010011,0
40150011,22358,16638139,LARNAKA,40150011,0
40120011,22358,16638140,KONNOS,40120011,0
40000011,22358,16638141,PARALIMNI,40000011,0
40000011,22358,16638142,PARALIMNI,40000011,0
40040011,22358,16638143,DERYNEIA,40040011,0
40100011,22358,16638144,AGIA NAPA,40100011,0
40100012,22358,16638145,DASAKI ACHNAS,40100012,1
40150011,22358,16638146,LARNAKA,40150011,0
40150012,22358,16638147,CENTRAL BUS ST.,40150012,1
40000011,22358,16638148,PARALIMNI,40000011,0
40040011,22358,16638149,DERYNEIA,40040011,0
40160011,22358,16638150,LARNAKA,40160011,0
40140012,22358,16638151,DERYNEIA,40140012,1
40010011,22358,16638152,AG. NAPA (W/PARK),40010011,0
40140011,22358,16638153,AGIA NAPA,40140011,0
40160011,22358,16638154,LARNAKA,40160011,0
40160012,22358,16638155,PARALIMNI SQ. BUS,40160012,1
40000011,22358,16638156,PARALIMNI,40000011,0
40010011,22358,16638157,AG. NAPA (W/PARK),40010011,0
40000011,22358,16638158,PARALIMNI,40000011,0
40010011,22358,16638159,AG. NAPA (W/PARK),40010011,0
40050011,22358,16638160,DERYNEIA,40050011,0
40010011,22358,16638161,AG. NAPA (W/PARK),40010011,0
40150011,22358,16638162,LARNAKA,40150011,0
40010011,22358,16638163,AG. NAPA (W/PARK),40010011,0
40000011,22358,16638164,PARALIMNI,40000011,0
40090011,22358,16638165,AGIA NAPA,40090011,0
40160012,22358,16638166,PARALIMNI SQ. BUS,40160012,1
40000011,22358,16638167,PARALIMNI,40000011,0
40010011,22358,16638168,AG. NAPA (W/PARK),40010011,0
40260012,22358,16638169,XYLOFAGOU,40260012,1
40070012,22358,16638170,XYLOTYMPOU,40070012,1
40120011,22358,16638171,KONNOS,40120011,0
40130011,22358,16638172,AGIA NAPA,40130011,0
40000011,22358,16638173,PARALIMNI,40000011,0
40010011,22358,16638174,AG. NAPA (W/PARK),40010011,0
40220011,22358,16638175,EAST CIRCLE LINE,40220011,0
40090011,22358,16638176,AGIA NAPA,40090011,0
40050011,22358,16638177,DERYNEIA,40050011,0
40010011,22358,16638178,AG. NAPA (W/PARK),40010011,0
40030011,22358,16638179,CIRCLE LINE,40030011,0
40290011,22358,16638180,PARALIMNI,40290011,0
40040011,22358,16638181,DERYNEIA,40040011,0
40170011,22358,16638182,LARNAKA,40170011,0
40150011,22358,16638183,LARNAKA,40150011,0
40000011,22358,16638184,PARALIMNI,40000011,0
40160011,22358,16638185,LARNAKA,40160011,0
40070012,22358,16638186,XYLOTYMPOU,40070012,1
40010011,22358,16638187,AG. NAPA (W/PARK),40010011,0
40000011,22358,16638188,PARALIMNI,40000011,0
40010011,22358,16638189,AG. NAPA (W/PARK),40010011,0
40320011,22358,16638190,AGIA NAPA A.C.,40320011,0
40250011,22358,16638191,AGIA NAPA,40250011,0
40310011,22358,16638192,AGIA NAPA,40310011,0
40140011,22358,16638193,AGIA NAPA,40140011,0
40260012,22358,16638194,XYLOFAGOU,40260012,1
40020011,22358,16638195,WEST CIRCLE LINE,40020011,0
40020011,22358,16638196,WEST CIRCLE LINE,40020011,0
40090012,22358,16638197,E.A.C. DHEKELIA,40090012,1
40300012,22358,16638198,AVGOROU,40300012,1
40010011,22358,16638199,AG. NAPA (W/PARK),40010011,0
40000011,22358,16638200,PARALIMNI,40000011,0
40040011,22358,16638201,DERYNEIA,40040011,0
40030011,22358,16638202,CIRCLE LINE,40030011,0
40030011,22358,16638203,CIRCLE LINE,40030011,0
40030011,22358,16638204,CIRCLE LINE,40030011,0
40000011,22358,16638205,PARALIMNI,40000011,0
40000011,22358,16638206,PARALIMNI,40000011,0
40010011,22358,16638207,AG. NAPA (W/PARK),40010011,0
40010011,22358,16638208,AG. NAPA (W/PARK),40010011,0
40180012,22358,16638209,PARALIMNI,40180012,1
40130012,22358,16638210,STROVILIA,40130012,1
40140012,22358,16638211,DERYNEIA,40140012,1
40090012,22358,16638212,E.A.C. DHEKELIA,40090012,1
40090012,22358,16638213,E.A.C. DHEKELIA,40090012,1
40100012,22358,16638214,DASAKI ACHNAS,40100012,1
40120012,22358,16638215,STROVILIA,40120012,1
40150011,22358,16638216,LARNAKA,40150011,0
40150012,22358,16638217,CENTRAL BUS ST.,40150012,1
40110012,22358,16638218,XYLOTYMPOU,40110012,1
40080012,22358,16638219,E.A.C. DHEKELIA,40080012,1
40000011,22358,16638220,PARALIMNI,40000011,0
40010011,22358,16638221,AG. NAPA (W/PARK),40010011,0
40220011,22358,16638222,EAST CIRCLE LINE,40220011,0
40010011,22358,16638223,AG. NAPA (W/PARK),40010011,0
40040011,22358,16638224,DERYNEIA,40040011,0
40100012,22358,16638225,DASAKI ACHNAS,40100012,1
40150012,22358,16638226,CENTRAL BUS ST.,40150012,1
40000011,22358,16638227,PARALIMNI,40000011,0
40000011,22358,16638228,PARALIMNI,40000011,0
40050011,22358,16638229,DERYNEIA,40050011,0
40160011,22358,16638230,LARNAKA,40160011,0
40160012,22358,16638231,PARALIMNI SQ. BUS,40160012,1
40130012,22358,16638232,STROVILIA,40130012,1
40090012,22358,16638233,E.A.C. DHEKELIA,40090012,1
40030011,22358,16638234,CIRCLE LINE,40030011,0
40030011,22358,16638235,CIRCLE LINE,40030011,0
40290012,22358,16638236,XYLOTYMPOU,40290012,1
40170011,22358,16638237,LARNAKA,40170011,0
40170012,22358,16638238,PARALIMNI,40170012,1
40170012,22358,16638239,PARALIMNI,40170012,1
40010011,22358,16638240,AG. NAPA (W/PARK),40010011,0
40000011,22358,16638241,PARALIMNI,40000011,0
40160012,22358,16638242,PARALIMNI SQ. BUS,40160012,1
40000011,22358,16638243,PARALIMNI,40000011,0
40010011,22358,16638244,AG. NAPA (W/PARK),40010011,0
40090011,22358,16638245,AGIA NAPA,40090011,0
40090012,22358,16638246,E.A.C. DHEKELIA,40090012,1
40010011,22358,16638247,AG. NAPA (W/PARK),40010011,0
40150011,22358,16638248,LARNAKA,40150011,0
40150012,22358,16638249,CENTRAL BUS ST.,40150012,1
40000011,22358,16638250,PARALIMNI,40000011,0
40050011,22358,16638251,DERYNEIA,40050011,0
40150012,22358,16638252,CENTRAL BUS ST.,40150012,1
40010011,22358,16638253,AG. NAPA (W/PARK),40010011,0
40000011,22358,16638254,PARALIMNI,40000011,0
40120012,22358,16638255,STROVILIA,40120012,1
40130012,22358,16638256,STROVILIA,40130012,1
40000011,22358,16638257,PARALIMNI,40000011,0
40100012,22358,16638258,DASAKI ACHNAS,40100012,1
40010011,22358,16638259,AG. NAPA (W/PARK),40010011,0
40040011,22358,16638260,DERYNEIA,40040011,0
40140011,22358,16638261,AGIA NAPA,40140011,0
40000011,22358,16638262,PARALIMNI,40000011,0
40100011,22358,16638263,AGIA NAPA,40100011,0
40100012,22358,16638264,DASAKI ACHNAS,40100012,1
40010011,22358,16638265,AG. NAPA (W/PARK),40010011,0
40130011,22358,16638266,AGIA NAPA,40130011,0
40130012,22358,16638267,STROVILIA,40130012,1
40130011,22358,16638268,AGIA NAPA,40130011,0
40130012,22358,16638269,STROVILIA,40130012,1
40030011,22358,16638270,CIRCLE LINE,40030011,0
40110011,22358,16638271,KONNOS,40110011,0
40110012,22358,16638272,XYLOTYMPOU,40110012,1
40050011,22358,16638273,DERYNEIA,40050011,0
40050011,22358,16638274,DERYNEIA,40050011,0
40040011,22358,16638275,DERYNEIA,40040011,0
40040011,22358,16638276,DERYNEIA,40040011,0
40150011,22358,16638277,LARNAKA,40150011,0
40150012,22358,16638278,CENTRAL BUS ST.,40150012,1
40010011,22358,16638279,AG. NAPA (W/PARK),40010011,0
40010011,22358,16638280,AG. NAPA (W/PARK),40010011,0
40170011,22358,16638281,LARNAKA,40170011,0
40170012,22358,16638282,PARALIMNI,40170012,1
40030011,22358,16638283,CIRCLE LINE,40030011,0
40160011,22358,16638284,LARNAKA,40160011,0
40160012,22358,16638285,PARALIMNI SQ. BUS,40160012,1
40000011,22358,16638286,PARALIMNI,40000011,0
40000011,22358,16638287,PARALIMNI,40000011,0
40010011,22358,16638288,AG. NAPA (W/PARK),40010011,0
40010011,22358,16638289,AG. NAPA (W/PARK),40010011,0
40000011,22358,16638290,PARALIMNI,40000011,0
40000011,22358,16638291,PARALIMNI,40000011,0
40010011,22358,16638292,AG. NAPA (W/PARK),40010011,0
40010011,22358,16638293,AG. NAPA (W/PARK),40010011,0
40010011,22358,16638294,AG. NAPA (W/PARK),40010011,0
40010011,22358,16638295,AG. NAPA (W/PARK),40010011,0
40000011,22358,16638296,PARALIMNI,40000011,0
40000011,22358,16638297,PARALIMNI,40000011,0
40040011,22358,16638298,DERYNEIA,40040011,0
40040011,22358,16638299,DERYNEIA,40040011,0
40050011,22358,16638300,DERYNEIA,40050011,0
40050011,22358,16638301,DERYNEIA,40050011,0
40010011,22358,16638302,AG. NAPA (W/PARK),40010011,0
40010011,22358,16638303,AG. NAPA (W/PARK),40010011,0
40000011,22358,16638304,PARALIMNI,40000011,0
40000011,22358,16638305,PARALIMNI,40000011,0
40010011,22358,16638306,AG. NAPA (W/PARK),40010011,0
40100011,22358,16638307,AGIA NAPA,40100011,0
40100012,22358,16638308,DASAKI ACHNAS,40100012,1
40090011,22358,16638309,AGIA NAPA,40090011,0
40090012,22358,16638310,E.A.C. DHEKELIA,40090012,1
40000011,22358,16638311,PARALIMNI,40000011,0
40000011,22358,16638312,PARALIMNI,40000011,0
40000011,22358,16638313,PARALIMNI,40000011,0
40000011,22358,16638314,PARALIMNI,40000011,0
40090011,22359,16638315,AGIA NAPA,40090011,0
40070011,22359,16638316,PARALIMNI,40070011,0
40110011,22359,16638317,KONNOS,40110011,0
40110012,22359,16638318,XYLOTYMPOU,40110012,1
40010011,22359,16638319,AG. NAPA (W/PARK),40010011,0
40010011,22359,16638320,AG. NAPA (W/PARK),40010011,0
40150011,22359,16638321,LARNAKA,40150011,0
40150012,22359,16638322,CENTRAL BUS ST.,40150012,1
40100011,22359,16638323,AGIA NAPA,40100011,0
40100012,22359,16638324,DASAKI ACHNAS,40100012,1
40100011,22359,16638325,AGIA NAPA,40100011,0
40120011,22359,16638326,KONNOS,40120011,0
40130011,22359,16638327,AGIA NAPA,40130011,0
40080011,22359,16638328,KONNOS,40080011,0
40080012,22359,16638329,E.A.C. DHEKELIA,40080012,1
40180011,22359,16638330,AGIA THEKLA BEACH,40180011,0
40160011,22359,16638331,LARNAKA,40160011,0
40160012,22359,16638332,PARALIMNI SQ. BUS,40160012,1
40140011,22359,16638333,AGIA NAPA,40140011,0
40140012,22359,16638334,DERYNEIA,40140012,1
40140011,22359,16638335,AGIA NAPA,40140011,0
40040011,22359,16638336,DERYNEIA,40040011,0
40040011,22359,16638337,DERYNEIA,40040011,0
40250012,22359,16638338,XYLOFAGOU,40250012,1
40000011,22359,16638339,PARALIMNI,40000011,0
40000011,22359,16638340,PARALIMNI,40000011,0
40110011,22359,16638341,KONNOS,40110011,0
40090011,22359,16638342,AGIA NAPA,40090011,0
40090012,22359,16638343,E.A.C. DHEKELIA,40090012,1
40090011,22359,16638344,AGIA NAPA,40090011,0
40010011,22359,16638345,AG. NAPA (W/PARK),40010011,0
40010011,22359,16638346,AG. NAPA (W/PARK),40010011,0
40000011,22359,16638347,PARALIMNI,40000011,0
40130011,22359,16638348,AGIA NAPA,40130011,0
40130012,22359,16638349,STROVILIA,40130012,1
40130011,22359,16638350,AGIA NAPA,40130011,0
40080011,22359,16638351,KONNOS,40080011,0
40100011,22359,16638352,AGIA NAPA,40100011,0
40120011,22359,16638353,KONNOS,40120011,0
40020011,22359,16638354,WEST CIRCLE LINE,40020011,0
40020011,22359,16638355,WEST CIRCLE LINE,40020011,0
40020011,22359,16638356,WEST CIRCLE LINE,40020011,0
40000011,22359,16638357,PARALIMNI,40000011,0
40000011,22359,16638358,PARALIMNI,40000011,0
40010011,22359,16638359,AG. NAPA (W/PARK),40010011,0
40010011,22359,16638360,AG. NAPA (W/PARK),40010011,0
40050011,22359,16638361,DERYNEIA,40050011,0
40050011,22359,16638362,DERYNEIA,40050011,0
40120012,22359,16638363,STROVILIA,40120012,1
40150011,22359,16638364,LARNAKA,40150011,0
40150012,22359,16638365,CENTRAL BUS ST.,40150012,1
40010011,22359,16638366,AG. NAPA (W/PARK),40010011,0
40010011,22359,16638367,AG. NAPA (W/PARK),40010011,0
40000011,22359,16638368,PARALIMNI,40000011,0
40000011,22359,16638369,PARALIMNI,40000011,0
40100011,22359,16638370,AGIA NAPA,40100011,0
40090011,22359,16638371,AGIA NAPA,40090011,0
40010011,22359,16638372,AG. NAPA (W/PARK),40010011,0
40010011,22359,16638373,AG. NAPA (W/PARK),40010011,0
40040011,22359,16638374,DERYNEIA,40040011,0
40050011,22359,16638375,DERYNEIA,40050011,0
40050011,22359,16638376,DERYNEIA,40050011,0
40130011,22359,16638377,AGIA NAPA,40130011,0
40130012,22359,16638378,STROVILIA,40130012,1
40130011,22359,16638379,AGIA NAPA,40130011,0
40130012,22359,16638380,STROVILIA,40130012,1
40150011,22359,16638381,LARNAKA,40150011,0
40150012,22359,16638382,CENTRAL BUS ST.,40150012,1
40220011,22359,16638383,EAST CIRCLE LINE,40220011,0
40220011,22359,16638384,EAST CIRCLE LINE,40220011,0
40220011,22359,16638385,EAST CIRCLE LINE,40220011,0
40000011,22359,16638386,PARALIMNI,40000011,0
40000011,22359,16638387,PARALIMNI,40000011,0
40010011,22359,16638388,AG. NAPA (W/PARK),40010011,0
40010011,22359,16638389,AG. NAPA (W/PARK),40010011,0
40170011,22359,16638390,LARNAKA,40170011,0
40170012,22359,16638391,PARALIMNI,40170012,1
40160011,22359,16638392,LARNAKA,40160011,0
40160012,22359,16638393,PARALIMNI SQ. BUS,40160012,1
40030011,22359,16638394,CIRCLE LINE,40030011,0
40030011,22359,16638395,CIRCLE LINE,40030011,0
40030011,22359,16638396,CIRCLE LINE,40030011,0
40030011,22359,16638397,CIRCLE LINE,40030011,0
40030011,22359,16638398,CIRCLE LINE,40030011,0
40010011,22359,16638399,AG. NAPA (W/PARK),40010011,0
40010011,22359,16638400,AG. NAPA (W/PARK),40010011,0
40000011,22359,16638401,PARALIMNI,40000011,0
40000011,22359,16638402,PARALIMNI,40000011,0
40050011,22359,16638403,DERYNEIA,40050011,0
40120011,22359,16638404,KONNOS,40120011,0
40000011,22359,16638405,PARALIMNI,40000011,0
40040011,22359,16638406,DERYNEIA,40040011,0
40040011,22359,16638407,DERYNEIA,40040011,0
40100012,22359,16638408,DASAKI ACHNAS,40100012,1
40010011,22359,16638409,AG. NAPA (W/PARK),40010011,0
40010011,22359,16638410,AG. NAPA (W/PARK),40010011,0
40000011,22359,16638411,PARALIMNI,40000011,0
40050011,22359,16638412,DERYNEIA,40050011,0
40010011,22359,16638413,AG. NAPA (W/PARK),40010011,0
40000011,22359,16638414,PARALIMNI,40000011,0
40150011,22359,16638415,LARNAKA,40150011,0
40120011,22359,16638416,KONNOS,40120011,0
40100011,22359,16638417,AGIA NAPA,40100011,0
40100012,22359,16638418,DASAKI ACHNAS,40100012,1
40040011,22359,16638419,DERYNEIA,40040011,0
40160011,22359,16638420,LARNAKA,40160011,0
40160012,22359,16638421,PARALIMNI SQ. BUS,40160012,1
40170011,22359,16638422,LARNAKA,40170011,0
40170012,22359,16638423,PARALIMNI,40170012,1
40150011,22359,16638424,LARNAKA,40150011,0
40150012,22359,16638425,CENTRAL BUS ST.,40150012,1
40000011,22359,16638426,PARALIMNI,40000011,0
40040011,22359,16638427,DERYNEIA,40040011,0
40140012,22359,16638428,DERYNEIA,40140012,1
40000011,22359,16638429,PARALIMNI,40000011,0
40000011,22359,16638430,PARALIMNI,40000011,0
40010011,22359,16638431,AG. NAPA (W/PARK),40010011,0
40140011,22359,16638432,AGIA NAPA,40140011,0
40010011,22359,16638433,AG. NAPA (W/PARK),40010011,0
40000011,22359,16638434,PARALIMNI,40000011,0
40000011,22359,16638435,PARALIMNI,40000011,0
40000011,22359,16638436,PARALIMNI,40000011,0
40010011,22359,16638437,AG. NAPA (W/PARK),40010011,0
40050011,22359,16638438,DERYNEIA,40050011,0
40000011,22359,16638439,PARALIMNI,40000011,0
40010011,22359,16638440,AG. NAPA (W/PARK),40010011,0
40150011,22359,16638441,LARNAKA,40150011,0
40010011,22359,16638442,AG. NAPA (W/PARK),40010011,0
40000011,22359,16638443,PARALIMNI,40000011,0
40090011,22359,16638444,AGIA NAPA,40090011,0
40000011,22359,16638445,PARALIMNI,40000011,0
40010011,22359,16638446,AG. NAPA (W/PARK),40010011,0
40120011,22359,16638447,KONNOS,40120011,0
40110011,22359,16638448,KONNOS,40110011,0
40080011,22359,16638449,KONNOS,40080011,0
40010011,22359,16638450,AG. NAPA (W/PARK),40010011,0
40220011,22359,16638451,EAST CIRCLE LINE,40220011,0
40000011,22359,16638452,PARALIMNI,40000011,0
40050011,22359,16638453,DERYNEIA,40050011,0
40040011,22359,16638454,DERYNEIA,40040011,0
40030011,22359,16638455,CIRCLE LINE,40030011,0
40170011,22359,16638456,LARNAKA,40170011,0
40150011,22359,16638457,LARNAKA,40150011,0
40000011,22359,16638458,PARALIMNI,40000011,0
40010011,22359,16638459,AG. NAPA (W/PARK),40010011,0
40160011,22359,16638460,LARNAKA,40160011,0
40010011,22359,16638461,AG. NAPA (W/PARK),40010011,0
40020011,22359,16638462,WEST CIRCLE LINE,40020011,0
40020011,22359,16638463,WEST CIRCLE LINE,40020011,0
40000011,22359,16638464,PARALIMNI,40000011,0
40090012,22359,16638465,E.A.C. DHEKELIA,40090012,1
40090011,22359,16638466,AGIA NAPA,40090011,0
40090012,22359,16638467,E.A.C. DHEKELIA,40090012,1
40010011,22359,16638468,AG. NAPA (W/PARK),40010011,0
40010011,22359,16638469,AG. NAPA (W/PARK),40010011,0
40040011,22359,16638470,DERYNEIA,40040011,0
40030011,22359,16638471,CIRCLE LINE,40030011,0
40030011,22359,16638472,CIRCLE LINE,40030011,0
40030011,22359,16638473,CIRCLE LINE,40030011,0
40030011,22359,16638474,CIRCLE LINE,40030011,0
40000011,22359,16638475,PARALIMNI,40000011,0
40010011,22359,16638476,AG. NAPA (W/PARK),40010011,0
40180012,22359,16638477,PARALIMNI,40180012,1
40130012,22359,16638478,STROVILIA,40130012,1
40140012,22359,16638479,DERYNEIA,40140012,1
40090012,22359,16638480,E.A.C. DHEKELIA,40090012,1
40090012,22359,16638481,E.A.C. DHEKELIA,40090012,1
40120012,22359,16638482,STROVILIA,40120012,1
40120012,22359,16638483,STROVILIA,40120012,1
40110012,22359,16638484,XYLOTYMPOU,40110012,1
40100012,22359,16638485,DASAKI ACHNAS,40100012,1
40150011,22359,16638486,LARNAKA,40150011,0
40150012,22359,16638487,CENTRAL BUS ST.,40150012,1
40080012,22359,16638488,E.A.C. DHEKELIA,40080012,1
40000011,22359,16638489,PARALIMNI,40000011,0
40010011,22359,16638490,AG. NAPA (W/PARK),40010011,0
40040011,22359,16638491,DERYNEIA,40040011,0
40040011,22359,16638492,DERYNEIA,40040011,0
40090012,22359,16638493,E.A.C. DHEKELIA,40090012,1
40220011,22359,16638494,EAST CIRCLE LINE,40220011,0
40160011,22359,16638495,LARNAKA,40160011,0
40160012,22359,16638496,PARALIMNI SQ. BUS,40160012,1
40100012,22359,16638497,DASAKI ACHNAS,40100012,1
40000011,22359,16638498,PARALIMNI,40000011,0
40050011,22359,16638499,DERYNEIA,40050011,0
40010011,22359,16638500,AG. NAPA (W/PARK),40010011,0
40130012,22359,16638501,STROVILIA,40130012,1
40150012,22359,16638502,CENTRAL BUS ST.,40150012,1
40170011,22359,16638503,LARNAKA,40170011,0
40170012,22359,16638504,PARALIMNI,40170012,1
40170012,22359,16638505,PARALIMNI,40170012,1
40010011,22359,16638506,AG. NAPA (W/PARK),40010011,0
40000011,22359,16638507,PARALIMNI,40000011,0
40160012,22359,16638508,PARALIMNI SQ. BUS,40160012,1
40010011,22359,16638509,AG. NAPA (W/PARK),40010011,0
40150011,22359,16638510,LARNAKA,40150011,0
40150012,22359,16638511,CENTRAL BUS ST.,40150012,1
40000011,22359,16638512,PARALIMNI,40000011,0
40050011,22359,16638513,DERYNEIA,40050011,0
40150012,22359,16638514,CENTRAL BUS ST.,40150012,1
40010011,22359,16638515,AG. NAPA (W/PARK),40010011,0
40000011,22359,16638516,PARALIMNI,40000011,0
40100012,22359,16638517,DASAKI ACHNAS,40100012,1
40130012,22359,16638518,STROVILIA,40130012,1
40140011,22359,16638519,AGIA NAPA,40140011,0
40130011,22359,16638520,AGIA NAPA,40130011,0
40130012,22359,16638521,STROVILIA,40130012,1
40130011,22359,16638522,AGIA NAPA,40130011,0
40130012,22359,16638523,STROVILIA,40130012,1
40000011,22359,16638524,PARALIMNI,40000011,0
40100011,22359,16638525,AGIA NAPA,40100011,0
40100012,22359,16638526,DASAKI ACHNAS,40100012,1
40100011,22359,16638527,AGIA NAPA,40100011,0
40100012,22359,16638528,DASAKI ACHNAS,40100012,1
40110011,22359,16638529,KONNOS,40110011,0
40110012,22359,16638530,XYLOTYMPOU,40110012,1
40000011,22359,16638531,PARALIMNI,40000011,0
40000011,22359,16638532,PARALIMNI,40000011,0
40010011,22359,16638533,AG. NAPA (W/PARK),40010011,0
40010011,22359,16638534,AG. NAPA (W/PARK),40010011,0
40050011,22359,16638535,DERYNEIA,40050011,0
40050011,22359,16638536,DERYNEIA,40050011,0
40040011,22359,16638537,DERYNEIA,40040011,0
40040011,22359,16638538,DERYNEIA,40040011,0
40150011,22359,16638539,LARNAKA,40150011,0
40150012,22359,16638540,CENTRAL BUS ST.,40150012,1
40010011,22359,16638541,AG. NAPA (W/PARK),40010011,0
40010011,22359,16638542,AG. NAPA (W/PARK),40010011,0
40000011,22359,16638543,PARALIMNI,40000011,0
40170011,22359,16638544,LARNAKA,40170011,0
40170012,22359,16638545,PARALIMNI,40170012,1
40030011,22359,16638546,CIRCLE LINE,40030011,0
40160011,22359,16638547,LARNAKA,40160011,0
40160012,22359,16638548,PARALIMNI SQ. BUS,40160012,1
40010011,22359,16638549,AG. NAPA (W/PARK),40010011,0
40010011,22359,16638550,AG. NAPA (W/PARK),40010011,0
40000011,22359,16638551,PARALIMNI,40000011,0
40000011,22359,16638552,PARALIMNI,40000011,0
40010011,22359,16638553,AG. NAPA (W/PARK),40010011,0
40010011,22359,16638554,AG. NAPA (W/PARK),40010011,0
40000011,22359,16638555,PARALIMNI,40000011,0
40000011,22359,16638556,PARALIMNI,40000011,0
40030011,22359,16638557,CIRCLE LINE,40030011,0
40030011,22359,16638558,CIRCLE LINE,40030011,0
40000011,22359,16638559,PARALIMNI,40000011,0
40000011,22359,16638560,PARALIMNI,40000011,0
40010011,22359,16638561,AG. NAPA (W/PARK),40010011,0
40010011,22359,16638562,AG. NAPA (W/PARK),40010011,0
40040011,22359,16638563,DERYNEIA,40040011,0
40040011,22359,16638564,DERYNEIA,40040011,0
40050011,22359,16638565,DERYNEIA,40050011,0
40050011,22359,16638566,DERYNEIA,40050011,0
40000011,22359,16638567,PARALIMNI,40000011,0
40000011,22359,16638568,PARALIMNI,40000011,0
40010011,22359,16638569,AG. NAPA (W/PARK),40010011,0
40010011,22359,16638570,AG. NAPA (W/PARK),40010011,0
40090011,22359,16638571,AGIA NAPA,40090011,0
40090012,22359,16638572,E.A.C. DHEKELIA,40090012,1
40000011,22359,16638573,PARALIMNI,40000011,0
40000011,22359,16638574,PARALIMNI,40000011,0
40090011,22360,16638575,AGIA NAPA,40090011,0
40090011,22360,16638576,AGIA NAPA,40090011,0
40070011,22360,16638577,PARALIMNI,40070011,0
40110011,22360,16638578,KONNOS,40110011,0
40110012,22360,16638579,XYLOTYMPOU,40110012,1
40010011,22360,16638580,AG. NAPA (W/PARK),40010011,0
40010011,22360,16638581,AG. NAPA (W/PARK),40010011,0
40150011,22360,16638582,LARNAKA,40150011,0
40150012,22360,16638583,CENTRAL BUS ST.,40150012,1
40120011,22360,16638584,KONNOS,40120011,0
40100011,22360,16638585,AGIA NAPA,40100011,0
40100012,22360,16638586,DASAKI ACHNAS,40100012,1
40100011,22360,16638587,AGIA NAPA,40100011,0
40100012,22360,16638588,DASAKI ACHNAS,40100012,1
40080011,22360,16638589,KONNOS,40080011,0
40080012,22360,16638590,E.A.C. DHEKELIA,40080012,1
40130011,22360,16638591,AGIA NAPA,40130011,0
40180011,22360,16638592,AGIA THEKLA BEACH,40180011,0
40140011,22360,16638593,AGIA NAPA,40140011,0
40140012,22360,16638594,DERYNEIA,40140012,1
40140011,22360,16638595,AGIA NAPA,40140011,0
40040011,22360,16638596,DERYNEIA,40040011,0
40040011,22360,16638597,DERYNEIA,40040011,0
40250012,22360,16638598,XYLOFAGOU,40250012,1
40000011,22360,16638599,PARALIMNI,40000011,0
40000011,22360,16638600,PARALIMNI,40000011,0
40110011,22360,16638601,KONNOS,40110011,0
40010011,22360,16638602,AG. NAPA (W/PARK),40010011,0
40010011,22360,16638603,AG. NAPA (W/PARK),40010011,0
40090011,22360,16638604,AGIA NAPA,40090011,0
40090012,22360,16638605,E.A.C. DHEKELIA,40090012,1
40000011,22360,16638606,PARALIMNI,40000011,0
40130011,22360,16638607,AGIA NAPA,40130011,0
40130012,22360,16638608,STROVILIA,40130012,1
40130011,22360,16638609,AGIA NAPA,40130011,0
40080011,22360,16638610,KONNOS,40080011,0
40100011,22360,16638611,AGIA NAPA,40100011,0
40120011,22360,16638612,KONNOS,40120011,0
40020011,22360,16638613,WEST CIRCLE LINE,40020011,0
40020011,22360,16638614,WEST CIRCLE LINE,40020011,0
40020011,22360,16638615,WEST CIRCLE LINE,40020011,0
40000011,22360,16638616,PARALIMNI,40000011,0
40000011,22360,16638617,PARALIMNI,40000011,0
40010011,22360,16638618,AG. NAPA (W/PARK),40010011,0
40010011,22360,16638619,AG. NAPA (W/PARK),40010011,0
40050011,22360,16638620,DERYNEIA,40050011,0
40050011,22360,16638621,DERYNEIA,40050011,0
40150011,22360,16638622,LARNAKA,40150011,0
40150012,22360,16638623,CENTRAL BUS ST.,40150012,1
40120012,22360,16638624,STROVILIA,40120012,1
40010011,22360,16638625,AG. NAPA (W/PARK),40010011,0
40010011,22360,16638626,AG. NAPA (W/PARK),40010011,0
40000011,22360,16638627,PARALIMNI,40000011,0
40000011,22360,16638628,PARALIMNI,40000011,0
40100011,22360,16638629,AGIA NAPA,40100011,0
40090011,22360,16638630,AGIA NAPA,40090011,0
40010011,22360,16638631,AG. NAPA (W/PARK),40010011,0
40010011,22360,16638632,AG. NAPA (W/PARK),40010011,0
40040011,22360,16638633,DERYNEIA,40040011,0
40050011,22360,16638634,DERYNEIA,40050011,0
40050011,22360,16638635,DERYNEIA,40050011,0
40130011,22360,16638636,AGIA NAPA,40130011,0
40130012,22360,16638637,STROVILIA,40130012,1
40130011,22360,16638638,AGIA NAPA,40130011,0
40130012,22360,16638639,STROVILIA,40130012,1
40220011,22360,16638640,EAST CIRCLE LINE,40220011,0
40220011,22360,16638641,EAST CIRCLE LINE,40220011,0
40220011,22360,16638642,EAST CIRCLE LINE,40220011,0
40000011,22360,16638643,PARALIMNI,40000011,0
40000011,22360,16638644,PARALIMNI,40000011,0
40010011,22360,16638645,AG. NAPA (W/PARK),40010011,0
40010011,22360,16638646,AG. NAPA (W/PARK),40010011,0
40150011,22360,16638647,LARNAKA,40150011,0
40150012,22360,16638648,CENTRAL BUS ST.,40150012,1
40170011,22360,16638649,LARNAKA,40170011,0
40170012,22360,16638650,PARALIMNI,40170012,1
40160011,22360,16638651,LARNAKA,40160011,0
40160012,22360,16638652,PARALIMNI SQ. BUS,40160012,1
40030011,22360,16638653,CIRCLE LINE,40030011,0
40030011,22360,16638654,CIRCLE LINE,40030011,0
40030011,22360,16638655,CIRCLE LINE,40030011,0
40030011,22360,16638656,CIRCLE LINE,40030011,0
40030011,22360,16638657,CIRCLE LINE,40030011,0
40010011,22360,16638658,AG. NAPA (W/PARK),40010011,0
40010011,22360,16638659,AG. NAPA (W/PARK),40010011,0
40000011,22360,16638660,PARALIMNI,40000011,0
40000011,22360,16638661,PARALIMNI,40000011,0
40050011,22360,16638662,DERYNEIA,40050011,0
40120011,22360,16638663,KONNOS,40120011,0
40000011,22360,16638664,PARALIMNI,40000011,0
40040011,22360,16638665,DERYNEIA,40040011,0
40040011,22360,16638666,DERYNEIA,40040011,0
40100012,22360,16638667,DASAKI ACHNAS,40100012,1
40010011,22360,16638668,AG. NAPA (W/PARK),40010011,0
40010011,22360,16638669,AG. NAPA (W/PARK),40010011,0
40000011,22360,16638670,PARALIMNI,40000011,0
40050011,22360,16638671,DERYNEIA,40050011,0
40000011,22360,16638672,PARALIMNI,40000011,0
40000011,22360,16638673,PARALIMNI,40000011,0
40010011,22360,16638674,AG. NAPA (W/PARK),40010011,0
40150011,22360,16638675,LARNAKA,40150011,0
40120011,22360,16638676,KONNOS,40120011,0
40040011,22360,16638677,DERYNEIA,40040011,0
40160011,22360,16638678,LARNAKA,40160011,0
40160012,22360,16638679,PARALIMNI SQ. BUS,40160012,1
40170011,22360,16638680,LARNAKA,40170011,0
40170012,22360,16638681,PARALIMNI,40170012,1
40150011,22360,16638682,LARNAKA,40150011,0
40150012,22360,16638683,CENTRAL BUS ST.,40150012,1
40000011,22360,16638684,PARALIMNI,40000011,0
40040011,22360,16638685,DERYNEIA,40040011,0
40140012,22360,16638686,DERYNEIA,40140012,1
40000011,22360,16638687,PARALIMNI,40000011,0
40000011,22360,16638688,PARALIMNI,40000011,0
40010011,22360,16638689,AG. NAPA (W/PARK),40010011,0
40140011,22360,16638690,AGIA NAPA,40140011,0
40000011,22360,16638691,PARALIMNI,40000011,0
40010011,22360,16638692,AG. NAPA (W/PARK),40010011,0
40000011,22360,16638693,PARALIMNI,40000011,0
40000011,22360,16638694,PARALIMNI,40000011,0
40010011,22360,16638695,AG. NAPA (W/PARK),40010011,0
40050011,22360,16638696,DERYNEIA,40050011,0
40010011,22360,16638697,AG. NAPA (W/PARK),40010011,0
40150011,22360,16638698,LARNAKA,40150011,0
40000011,22360,16638699,PARALIMNI,40000011,0
40010011,22360,16638700,AG. NAPA (W/PARK),40010011,0
40090011,22360,16638701,AGIA NAPA,40090011,0
40010011,22360,16638702,AG. NAPA (W/PARK),40010011,0
40000011,22360,16638703,PARALIMNI,40000011,0
40100011,22360,16638704,AGIA NAPA,40100011,0
40110011,22360,16638705,KONNOS,40110011,0
40120011,22360,16638706,KONNOS,40120011,0
40080011,22360,16638707,KONNOS,40080011,0
40220011,22360,16638708,EAST CIRCLE LINE,40220011,0
40010011,22360,16638709,AG. NAPA (W/PARK),40010011,0
40000011,22360,16638710,PARALIMNI,40000011,0
40040011,22360,16638711,DERYNEIA,40040011,0
40050011,22360,16638712,DERYNEIA,40050011,0
40150011,22360,16638713,LARNAKA,40150011,0
40030011,22360,16638714,CIRCLE LINE,40030011,0
40170011,22360,16638715,LARNAKA,40170011,0
40010011,22360,16638716,AG. NAPA (W/PARK),40010011,0
40000011,22360,16638717,PARALIMNI,40000011,0
40160011,22360,16638718,LARNAKA,40160011,0
40010011,22360,16638719,AG. NAPA (W/PARK),40010011,0
40010011,22360,16638720,AG. NAPA (W/PARK),40010011,0
40010011,22360,16638721,AG. NAPA (W/PARK),40010011,0
40020011,22360,16638722,WEST CIRCLE LINE,40020011,0
40020011,22360,16638723,WEST CIRCLE LINE,40020011,0
40090012,22360,16638724,E.A.C. DHEKELIA,40090012,1
40090012,22360,16638725,E.A.C. DHEKELIA,40090012,1
40000011,22360,16638726,PARALIMNI,40000011,0
40040011,22360,16638727,DERYNEIA,40040011,0
40030011,22360,16638728,CIRCLE LINE,40030011,0
40030011,22360,16638729,CIRCLE LINE,40030011,0
40030011,22360,16638730,CIRCLE LINE,40030011,0
40030011,22360,16638731,CIRCLE LINE,40030011,0
40000011,22360,16638732,PARALIMNI,40000011,0
40010011,22360,16638733,AG. NAPA (W/PARK),40010011,0
40180012,22360,16638734,PARALIMNI,40180012,1
40130012,22360,16638735,STROVILIA,40130012,1
40100012,22360,16638736,DASAKI ACHNAS,40100012,1
40090012,22360,16638737,E.A.C. DHEKELIA,40090012,1
40140012,22360,16638738,DERYNEIA,40140012,1
40110012,22360,16638739,XYLOTYMPOU,40110012,1
40120012,22360,16638740,STROVILIA,40120012,1
40120012,22360,16638741,STROVILIA,40120012,1
40150011,22360,16638742,LARNAKA,40150011,0
40150012,22360,16638743,CENTRAL BUS ST.,40150012,1
40080012,22360,16638744,E.A.C. DHEKELIA,40080012,1
40000011,22360,16638745,PARALIMNI,40000011,0
40010011,22360,16638746,AG. NAPA (W/PARK),40010011,0
40050011,22360,16638747,DERYNEIA,40050011,0
40220011,22360,16638748,EAST CIRCLE LINE,40220011,0
40040011,22360,16638749,DERYNEIA,40040011,0
40040011,22360,16638750,DERYNEIA,40040011,0
40000011,22360,16638751,PARALIMNI,40000011,0
40000011,22360,16638752,PARALIMNI,40000011,0
40100012,22360,16638753,DASAKI ACHNAS,40100012,1
40010011,22360,16638754,AG. NAPA (W/PARK),40010011,0
40090012,22360,16638755,E.A.C. DHEKELIA,40090012,1
40160011,22360,16638756,LARNAKA,40160011,0
40160012,22360,16638757,PARALIMNI SQ. BUS,40160012,1
40130012,22360,16638758,STROVILIA,40130012,1
40150012,22360,16638759,CENTRAL BUS ST.,40150012,1
40170011,22360,16638760,LARNAKA,40170011,0
40170012,22360,16638761,PARALIMNI,40170012,1
40170012,22360,16638762,PARALIMNI,40170012,1
40000011,22360,16638763,PARALIMNI,40000011,0
40010011,22360,16638764,AG. NAPA (W/PARK),40010011,0
40160012,22360,16638765,PARALIMNI SQ. BUS,40160012,1
40090011,22360,16638766,AGIA NAPA,40090011,0
40090012,22360,16638767,E.A.C. DHEKELIA,40090012,1
40010011,22360,16638768,AG. NAPA (W/PARK),40010011,0
40000011,22360,16638769,PARALIMNI,40000011,0
40150011,22360,16638770,LARNAKA,40150011,0
40150012,22360,16638771,CENTRAL BUS ST.,40150012,1
40150012,22360,16638772,CENTRAL BUS ST.,40150012,1
40050011,22360,16638773,DERYNEIA,40050011,0
40010011,22360,16638774,AG. NAPA (W/PARK),40010011,0
40000011,22360,16638775,PARALIMNI,40000011,0
40100012,22360,16638776,DASAKI ACHNAS,40100012,1
40130012,22360,16638777,STROVILIA,40130012,1
40140011,22360,16638778,AGIA NAPA,40140011,0
40000011,22360,16638779,PARALIMNI,40000011,0
40100011,22360,16638780,AGIA NAPA,40100011,0
40100012,22360,16638781,DASAKI ACHNAS,40100012,1
40100011,22360,16638782,AGIA NAPA,40100011,0
40100012,22360,16638783,DASAKI ACHNAS,40100012,1
40130011,22360,16638784,AGIA NAPA,40130011,0
40130012,22360,16638785,STROVILIA,40130012,1
40130011,22360,16638786,AGIA NAPA,40130011,0
40130012,22360,16638787,STROVILIA,40130012,1
40110011,22360,16638788,KONNOS,40110011,0
40110012,22360,16638789,XYLOTYMPOU,40110012,1
40010011,22360,16638790,AG. NAPA (W/PARK),40010011,0
40010011,22360,16638791,AG. NAPA (W/PARK),40010011,0
40000011,22360,16638792,PARALIMNI,40000011,0
40000011,22360,16638793,PARALIMNI,40000011,0
40050011,22360,16638794,DERYNEIA,40050011,0
40050011,22360,16638795,DERYNEIA,40050011,0
40040011,22360,16638796,DERYNEIA,40040011,0
40040011,22360,16638797,DERYNEIA,40040011,0
40150011,22360,16638798,LARNAKA,40150011,0
40150012,22360,16638799,CENTRAL BUS ST.,40150012,1
40010011,22360,16638800,AG. NAPA (W/PARK),40010011,0
40010011,22360,16638801,AG. NAPA (W/PARK),40010011,0
40170011,22360,16638802,LARNAKA,40170011,0
40170012,22360,16638803,PARALIMNI,40170012,1
40160011,22360,16638804,LARNAKA,40160011,0
40160012,22360,16638805,PARALIMNI SQ. BUS,40160012,1
40030011,22360,16638806,CIRCLE LINE,40030011,0
40000011,22360,16638807,PARALIMNI,40000011,0
40000011,22360,16638808,PARALIMNI,40000011,0
40010011,22360,16638809,AG. NAPA (W/PARK),40010011,0
40010011,22360,16638810,AG. NAPA (W/PARK),40010011,0
40000011,22360,16638811,PARALIMNI,40000011,0
40000011,22360,16638812,PARALIMNI,40000011,0
40010011,22360,16638813,AG. NAPA (W/PARK),40010011,0
40010011,22360,16638814,AG. NAPA (W/PARK),40010011,0
40030011,22360,16638815,CIRCLE LINE,40030011,0
40030011,22360,16638816,CIRCLE LINE,40030011,0
40010011,22360,16638817,AG. NAPA (W/PARK),40010011,0
40010011,22360,16638818,AG. NAPA (W/PARK),40010011,0
40000011,22360,16638819,PARALIMNI,40000011,0
40000011,22360,16638820,PARALIMNI,40000011,0
40040011,22360,16638821,DERYNEIA,40040011,0
40040011,22360,16638822,DERYNEIA,40040011,0
40050011,22360,16638823,DERYNEIA,40050011,0
40050011,22360,16638824,DERYNEIA,40050011,0
40010011,22360,16638825,AG. NAPA (W/PARK),40010011,0
40010011,22360,16638826,AG. NAPA (W/PARK),40010011,0
40000011,22360,16638827,PARALIMNI,40000011,0
40000011,22360,16638828,PARALIMNI,40000011,0
40090011,22360,16638829,AGIA NAPA,40090011,0
40090012,22360,16638830,E.A.C. DHEKELIA,40090012,1
40000011,22360,16638831,PARALIMNI,40000011,0
40000011,22360,16638832,PARALIMNI,40000011,0
40090011,22756,16966942,AGIA NAPA,40090011,0
40070011,22756,16966943,PARALIMNI,40070011,0
40010011,22756,16966944,AG. NAPA (W/PARK),40010011,0
40150011,22756,16966945,LARNAKA,40150011,0
40150012,22756,16966946,CENTRAL BUS ST.,40150012,1
40110011,22756,16966947,KONNOS,40110011,0
40110012,22756,16966948,XYLOTYMPOU,40110012,1
40110011,22756,16966949,KONNOS,40110011,0
40120011,22756,16966950,KONNOS,40120011,0
40100011,22756,16966951,AGIA NAPA,40100011,0
40100011,22756,16966952,AGIA NAPA,40100011,0
40130011,22756,16966953,AGIA NAPA,40130011,0
40080011,22756,16966954,KONNOS,40080011,0
40080012,22756,16966955,E.A.C. DHEKELIA,40080012,1
40080011,22756,16966956,KONNOS,40080011,0
40180011,22756,16966957,AGIA THEKLA BEACH,40180011,0
40160011,22756,16966958,LARNAKA,40160011,0
40160012,22756,16966959,PARALIMNI SQ. BUS,40160012,1
40140011,22756,16966960,AGIA NAPA,40140011,0
40140012,22756,16966961,DERYNEIA,40140012,1
40140011,22756,16966962,AGIA NAPA,40140011,0
40280011,22756,16966963,LARNAKA,40280011,0
40040011,22756,16966964,DERYNEIA,40040011,0
40040011,22756,16966965,DERYNEIA,40040011,0
40250012,22756,16966966,XYLOFAGOU,40250012,1
40000011,22756,16966967,PARALIMNI,40000011,0
40000011,22756,16966968,PARALIMNI,40000011,0
40000011,22756,16966969,PARALIMNI,40000011,0
40110011,22756,16966970,KONNOS,40110011,0
40090011,22756,16966971,AGIA NAPA,40090011,0
40090012,22756,16966972,E.A.C. DHEKELIA,40090012,1
40090011,22756,16966973,AGIA NAPA,40090011,0
40000011,22756,16966974,PARALIMNI,40000011,0
40000011,22756,16966975,PARALIMNI,40000011,0
40010011,22756,16966976,AG. NAPA (W/PARK),40010011,0
40010011,22756,16966977,AG. NAPA (W/PARK),40010011,0
40010011,22756,16966978,AG. NAPA (W/PARK),40010011,0
40070011,22756,16966979,PARALIMNI,40070011,0
40130011,22756,16966980,AGIA NAPA,40130011,0
40130012,22756,16966981,STROVILIA,40130012,1
40130011,22756,16966982,AGIA NAPA,40130011,0
40080011,22756,16966983,KONNOS,40080011,0
40100011,22756,16966984,AGIA NAPA,40100011,0
40120011,22756,16966985,KONNOS,40120011,0
40260011,22756,16966986,GENERAL HOSPITAL,40260011,0
40260012,22756,16966987,XYLOFAGOU,40260012,1
40010011,22756,16966988,AG. NAPA (W/PARK),40010011,0
40010011,22756,16966989,AG. NAPA (W/PARK),40010011,0
40010011,22756,16966990,AG. NAPA (W/PARK),40010011,0
40020011,22756,16966991,WEST CIRCLE LINE,40020011,0
40020011,22756,16966992,WEST CIRCLE LINE,40020011,0
40020011,22756,16966993,WEST CIRCLE LINE,40020011,0
40000011,22756,16966994,PARALIMNI,40000011,0
40000011,22756,16966995,PARALIMNI,40000011,0
40050011,22756,16966996,DERYNEIA,40050011,0
40050011,22756,16966997,DERYNEIA,40050011,0
40120012,22756,16966998,STROVILIA,40120012,1
40150011,22756,16966999,LARNAKA,40150011,0
40150012,22756,16967000,CENTRAL BUS ST.,40150012,1
40010011,22756,16967001,AG. NAPA (W/PARK),40010011,0
40010011,22756,16967002,AG. NAPA (W/PARK),40010011,0
40000011,22756,16967003,PARALIMNI,40000011,0
40000011,22756,16967004,PARALIMNI,40000011,0
40100011,22756,16967005,AGIA NAPA,40100011,0
40100012,22756,16967006,DASAKI ACHNAS,40100012,1
40010011,22756,16967007,AG. NAPA (W/PARK),40010011,0
40010011,22756,16967008,AG. NAPA (W/PARK),40010011,0
40090011,22756,16967009,AGIA NAPA,40090011,0
40100012,22756,16967010,DASAKI ACHNAS,40100012,1
40050011,22756,16967011,DERYNEIA,40050011,0
40050011,22756,16967012,DERYNEIA,40050011,0
40040011,22756,16967013,DERYNEIA,40040011,0
40130011,22756,16967014,AGIA NAPA,40130011,0
40130012,22756,16967015,STROVILIA,40130012,1
40130011,22756,16967016,AGIA NAPA,40130011,0
40130012,22756,16967017,STROVILIA,40130012,1
40010011,22756,16967018,AG. NAPA (W/PARK),40010011,0
40010011,22756,16967019,AG. NAPA (W/PARK),40010011,0
40160011,22756,16967020,LARNAKA,40160011,0
40160012,22756,16967021,PARALIMNI SQ. BUS,40160012,1
40150011,22756,16967022,LARNAKA,40150011,0
40150012,22756,16967023,CENTRAL BUS ST.,40150012,1
40170011,22756,16967024,LARNAKA,40170011,0
40170012,22756,16967025,PARALIMNI,40170012,1
40000011,22756,16967026,PARALIMNI,40000011,0
40000011,22756,16967027,PARALIMNI,40000011,0
40220011,22756,16967028,EAST CIRCLE LINE,40220011,0
40220011,22756,16967029,EAST CIRCLE LINE,40220011,0
40220011,22756,16967030,EAST CIRCLE LINE,40220011,0
40030011,22756,16967031,CIRCLE LINE,40030011,0
40030011,22756,16967032,CIRCLE LINE,40030011,0
40030011,22756,16967033,CIRCLE LINE,40030011,0
40030011,22756,16967034,CIRCLE LINE,40030011,0
40030011,22756,16967035,CIRCLE LINE,40030011,0
40170012,22756,16967036,PARALIMNI,40170012,1
40170011,22756,16967037,LARNAKA,40170011,0
40170012,22756,16967038,PARALIMNI,40170012,1
40000011,22756,16967039,PARALIMNI,40000011,0
40000011,22756,16967040,PARALIMNI,40000011,0
40010011,22756,16967041,AG. NAPA (W/PARK),40010011,0
40010011,22756,16967042,AG. NAPA (W/PARK),40010011,0
40000011,22756,16967043,PARALIMNI,40000011,0
40000011,22756,16967044,PARALIMNI,40000011,0
40050011,22756,16967045,DERYNEIA,40050011,0
40120011,22756,16967046,KONNOS,40120011,0
40010011,22756,16967047,AG. NAPA (W/PARK),40010011,0
40010011,22756,16967048,AG. NAPA (W/PARK),40010011,0
40160011,22756,16967049,LARNAKA,40160011,0
40160012,22756,16967050,PARALIMNI SQ. BUS,40160012,1
40040011,22756,16967051,DERYNEIA,40040011,0
40040011,22756,16967052,DERYNEIA,40040011,0
40000011,22756,16967053,PARALIMNI,40000011,0
40010011,22756,16967054,AG. NAPA (W/PARK),40010011,0
40000011,22756,16967055,PARALIMNI,40000011,0
40010011,22756,16967056,AG. NAPA (W/PARK),40010011,0
40050011,22756,16967057,DERYNEIA,40050011,0
40170011,22756,16967058,LARNAKA,40170011,0
40170012,22756,16967059,PARALIMNI,40170012,1
40000011,22756,16967060,PARALIMNI,40000011,0
40010011,22756,16967061,AG. NAPA (W/PARK),40010011,0
40150011,22756,16967062,LARNAKA,40150011,0
40120011,22756,16967063,KONNOS,40120011,0
40000011,22756,16967064,PARALIMNI,40000011,0
40000011,22756,16967065,PARALIMNI,40000011,0
40040011,22756,16967066,DERYNEIA,40040011,0
40100011,22756,16967067,AGIA NAPA,40100011,0
40100012,22756,16967068,DASAKI ACHNAS,40100012,1
40150011,22756,16967069,LARNAKA,40150011,0
40150012,22756,16967070,CENTRAL BUS ST.,40150012,1
40000011,22756,16967071,PARALIMNI,40000011,0
40040011,22756,16967072,DERYNEIA,40040011,0
40160011,22756,16967073,LARNAKA,40160011,0
40140012,22756,16967074,DERYNEIA,40140012,1
40010011,22756,16967075,AG. NAPA (W/PARK),40010011,0
40140011,22756,16967076,AGIA NAPA,40140011,0
40160011,22756,16967077,LARNAKA,40160011,0
40160012,22756,16967078,PARALIMNI SQ. BUS,40160012,1
40000011,22756,16967079,PARALIMNI,40000011,0
40010011,22756,16967080,AG. NAPA (W/PARK),40010011,0
40000011,22756,16967081,PARALIMNI,40000011,0
40010011,22756,16967082,AG. NAPA (W/PARK),40010011,0
40050011,22756,16967083,DERYNEIA,40050011,0
40010011,22756,16967084,AG. NAPA (W/PARK),40010011,0
40150011,22756,16967085,LARNAKA,40150011,0
40010011,22756,16967086,AG. NAPA (W/PARK),40010011,0
40000011,22756,16967087,PARALIMNI,40000011,0
40090011,22756,16967088,AGIA NAPA,40090011,0
40160012,22756,16967089,PARALIMNI SQ. BUS,40160012,1
40000011,22756,16967090,PARALIMNI,40000011,0
40010011,22756,16967091,AG. NAPA (W/PARK),40010011,0
40260012,22756,16967092,XYLOFAGOU,40260012,1
40070012,22756,16967093,XYLOTYMPOU,40070012,1
40120011,22756,16967094,KONNOS,40120011,0
40000011,22756,16967095,PARALIMNI,40000011,0
40010011,22756,16967096,AG. NAPA (W/PARK),40010011,0
40220011,22756,16967097,EAST CIRCLE LINE,40220011,0
40040011,22756,16967098,DERYNEIA,40040011,0
40050011,22756,16967099,DERYNEIA,40050011,0
40030011,22756,16967100,CIRCLE LINE,40030011,0
40290011,22756,16967101,PARALIMNI,40290011,0
40010011,22756,16967102,AG. NAPA (W/PARK),40010011,0
40170011,22756,16967103,LARNAKA,40170011,0
40150011,22756,16967104,LARNAKA,40150011,0
40000011,22756,16967105,PARALIMNI,40000011,0
40160011,22756,16967106,LARNAKA,40160011,0
40070012,22756,16967107,XYLOTYMPOU,40070012,1
40010011,22756,16967108,AG. NAPA (W/PARK),40010011,0
40000011,22756,16967109,PARALIMNI,40000011,0
40310011,22756,16967110,AGIA NAPA,40310011,0
40010011,22756,16967111,AG. NAPA (W/PARK),40010011,0
40320011,22756,16967112,AGIA NAPA A.C.,40320011,0
40250011,22756,16967113,AGIA NAPA,40250011,0
40140011,22756,16967114,AGIA NAPA,40140011,0
40260012,22756,16967115,XYLOFAGOU,40260012,1
40090012,22756,16967116,E.A.C. DHEKELIA,40090012,1
40300012,22756,16967117,AVGOROU,40300012,1
40010011,22756,16967118,AG. NAPA (W/PARK),40010011,0
40020011,22756,16967119,WEST CIRCLE LINE,40020011,0
40020011,22756,16967120,WEST CIRCLE LINE,40020011,0
40000011,22756,16967121,PARALIMNI,40000011,0
40040011,22756,16967122,DERYNEIA,40040011,0
40030011,22756,16967123,CIRCLE LINE,40030011,0
40030011,22756,16967124,CIRCLE LINE,40030011,0
40030011,22756,16967125,CIRCLE LINE,40030011,0
40010011,22756,16967126,AG. NAPA (W/PARK),40010011,0
40010011,22756,16967127,AG. NAPA (W/PARK),40010011,0
40000011,22756,16967128,PARALIMNI,40000011,0
40000011,22756,16967129,PARALIMNI,40000011,0
40180012,22756,16967130,PARALIMNI,40180012,1
40130012,22756,16967131,STROVILIA,40130012,1
40120012,22756,16967132,STROVILIA,40120012,1
40150011,22756,16967133,LARNAKA,40150011,0
40150012,22756,16967134,CENTRAL BUS ST.,40150012,1
40140012,22756,16967135,DERYNEIA,40140012,1
40100012,22756,16967136,DASAKI ACHNAS,40100012,1
40090012,22756,16967137,E.A.C. DHEKELIA,40090012,1
40090012,22756,16967138,E.A.C. DHEKELIA,40090012,1
40110012,22756,16967139,XYLOTYMPOU,40110012,1
40080012,22756,16967140,E.A.C. DHEKELIA,40080012,1
40010011,22756,16967141,AG. NAPA (W/PARK),40010011,0
40000011,22756,16967142,PARALIMNI,40000011,0
40040011,22756,16967143,DERYNEIA,40040011,0
40000011,22756,16967144,PARALIMNI,40000011,0
40000011,22756,16967145,PARALIMNI,40000011,0
40100012,22756,16967146,DASAKI ACHNAS,40100012,1
40090012,22756,16967147,E.A.C. DHEKELIA,40090012,1
40010011,22756,16967148,AG. NAPA (W/PARK),40010011,0
40130012,22756,16967149,STROVILIA,40130012,1
40220011,22756,16967150,EAST CIRCLE LINE,40220011,0
40050011,22756,16967151,DERYNEIA,40050011,0
40150012,22756,16967152,CENTRAL BUS ST.,40150012,1
40160011,22756,16967153,LARNAKA,40160011,0
40160012,22756,16967154,PARALIMNI SQ. BUS,40160012,1
40030011,22756,16967155,CIRCLE LINE,40030011,0
40290012,22756,16967156,XYLOTYMPOU,40290012,1
40170011,22756,16967157,LARNAKA,40170011,0
40170012,22756,16967158,PARALIMNI,40170012,1
40170012,22756,16967159,PARALIMNI,40170012,1
40000011,22756,16967160,PARALIMNI,40000011,0
40010011,22756,16967161,AG. NAPA (W/PARK),40010011,0
40160012,22756,16967162,PARALIMNI SQ. BUS,40160012,1
40000011,22756,16967163,PARALIMNI,40000011,0
40010011,22756,16967164,AG. NAPA (W/PARK),40010011,0
40090011,22756,16967165,AGIA NAPA,40090011,0
40090012,22756,16967166,E.A.C. DHEKELIA,40090012,1
40000011,22756,16967167,PARALIMNI,40000011,0
40150011,22756,16967168,LARNAKA,40150011,0
40150012,22756,16967169,CENTRAL BUS ST.,40150012,1
40010011,22756,16967170,AG. NAPA (W/PARK),40010011,0
40050011,22756,16967171,DERYNEIA,40050011,0
40030011,22756,16967172,CIRCLE LINE,40030011,0
40150012,22756,16967173,CENTRAL BUS ST.,40150012,1
40000011,22756,16967174,PARALIMNI,40000011,0
40010011,22756,16967175,AG. NAPA (W/PARK),40010011,0
40120012,22756,16967176,STROVILIA,40120012,1
40130012,22756,16967177,STROVILIA,40130012,1
40010011,22756,16967178,AG. NAPA (W/PARK),40010011,0
40100012,22756,16967179,DASAKI ACHNAS,40100012,1
40100011,22756,16967180,AGIA NAPA,40100011,0
40100012,22756,16967181,DASAKI ACHNAS,40100012,1
40000011,22756,16967182,PARALIMNI,40000011,0
40040011,22756,16967183,DERYNEIA,40040011,0
40140011,22756,16967184,AGIA NAPA,40140011,0
40010011,22756,16967185,AG. NAPA (W/PARK),40010011,0
40100011,22756,16967186,AGIA NAPA,40100011,0
40100012,22756,16967187,DASAKI ACHNAS,40100012,1
40130011,22756,16967188,AGIA NAPA,40130011,0
40130012,22756,16967189,STROVILIA,40130012,1
40000011,22756,16967190,PARALIMNI,40000011,0
40030011,22756,16967191,CIRCLE LINE,40030011,0
40110011,22756,16967192,KONNOS,40110011,0
40110012,22756,16967193,XYLOTYMPOU,40110012,1
40050011,22756,16967194,DERYNEIA,40050011,0
40050011,22756,16967195,DERYNEIA,40050011,0
40040011,22756,16967196,DERYNEIA,40040011,0
40040011,22756,16967197,DERYNEIA,40040011,0
40150011,22756,16967198,LARNAKA,40150011,0
40150012,22756,16967199,CENTRAL BUS ST.,40150012,1
40010011,22756,16967200,AG. NAPA (W/PARK),40010011,0
40010011,22756,16967201,AG. NAPA (W/PARK),40010011,0
40170011,22756,16967202,LARNAKA,40170011,0
40170012,22756,16967203,PARALIMNI,40170012,1
40160011,22756,16967204,LARNAKA,40160011,0
40160012,22756,16967205,PARALIMNI SQ. BUS,40160012,1
40030011,22756,16967206,CIRCLE LINE,40030011,0
40000011,22756,16967207,PARALIMNI,40000011,0
40000011,22756,16967208,PARALIMNI,40000011,0
40010011,22756,16967209,AG. NAPA (W/PARK),40010011,0
40010011,22756,16967210,AG. NAPA (W/PARK),40010011,0
40010011,22756,16967211,AG. NAPA (W/PARK),40010011,0
40010011,22756,16967212,AG. NAPA (W/PARK),40010011,0
40000011,22756,16967213,PARALIMNI,40000011,0
40000011,22756,16967214,PARALIMNI,40000011,0
40000011,22756,16967215,PARALIMNI,40000011,0
40000011,22756,16967216,PARALIMNI,40000011,0
40010011,22756,16967217,AG. NAPA (W/PARK),40010011,0
40010011,22756,16967218,AG. NAPA (W/PARK),40010011,0
40040011,22756,16967219,DERYNEIA,40040011,0
40040011,22756,16967220,DERYNEIA,40040011,0
40050011,22756,16967221,DERYNEIA,40050011,0
40050011,22756,16967222,DERYNEIA,40050011,0
40010011,22756,16967223,AG. NAPA (W/PARK),40010011,0
40010011,22756,16967224,AG. NAPA (W/PARK),40010011,0
40000011,22756,16967225,PARALIMNI,40000011,0
40000011,22756,16967226,PARALIMNI,40000011,0
40000011,22756,16967227,PARALIMNI,40000011,0
40000011,22756,16967228,PARALIMNI,40000011,0
40130011,22756,16967229,AGIA NAPA,40130011,0
40130012,22756,16967230,STROVILIA,40130012,1
40010011,22756,16967231,AG. NAPA (W/PARK),40010011,0
40090011,22756,16967232,AGIA NAPA,40090011,0
40090012,22756,16967233,E.A.C. DHEKELIA,40090012,1
40000011,22756,16967234,PARALIMNI,40000011,0
40000011,22756,16967235,PARALIMNI,40000011,0
