route_id,service_id,trip_id,trip_headsign,shape_id,direction_id
50060042,22528,16775542,NICOSIA,50060042,1
50060041,22528,16775543,NORTH LIMASSOL,50060041,0
50060022,22528,16775544,NICOSIA,50060022,1
50060011,22528,16775545,LIMASSOL,50060011,0
50060012,22528,16775546,NICOSIA,50060012,1
50060011,22528,16775547,LIMASSOL,50060011,0
50020012,22528,16775548,LARNACA,50020012,1
50020011,22528,16775549,AG.NAPA-PARALIMNI,50020011,0
50020012,22528,16775550,LARNACA,50020012,1
50020011,22528,16775551,AG.NAPA-PARALIMNI,50020011,0
50020011,22528,16775552,AG.NAPA-PARALIMNI,50020011,0
50020012,22528,16775553,LARNACA,50020012,1
50020011,22528,16775554,AG.NAPA-PARALIMNI,50020011,0
50020012,22528,16775555,LARNACA,50020012,1
50020011,22528,16775556,AG.NAPA-PARALIMNI,50020011,0
50020012,22528,16775557,LARNACA,50020012,1
50010042,22528,16775558,NICOSIA,50010042,1
50010031,22528,16775559,PARALIMNI,50010031,0
50010012,22528,16775560,NICOSIA,50010012,1
50010031,22528,16775561,PARALIMNI,50010031,0
50010012,22528,16775562,NICOSIA,50010012,1
50010011,22528,16775563,AG.NAPA-PARALIMNI,50010011,0
50070011,22528,16775564,NICOSIA,50070011,0
50070012,22528,16775565,LARNACA,50070012,1
50070011,22528,16775566,NICOSIA,50070011,0
50070012,22528,16775567,LARNACA,50070012,1
50070031,22528,16775568,NICOSIA,50070031,0
50070032,22528,16775569,LARNACA,50070032,1
50070012,22528,16775570,LARNACA,50070012,1
50070011,22528,16775571,NICOSIA,50070011,0
50000011,22528,16775572,PAFOS,50000011,0
50000012,22528,16775573,NICOSIA,50000012,1
50000011,22528,16775574,PAFOS,50000011,0
50000012,22528,16775575,NICOSIA,50000012,1
50060011,22528,16775576,LIMASSOL,50060011,0
50060012,22528,16775577,NICOSIA,50060012,1
50060011,22528,16775578,LIMASSOL,50060011,0
50060022,22528,16775579,NICOSIA,50060022,1
50060012,22528,16775580,NICOSIA,50060012,1
50060011,22528,16775581,LIMASSOL,50060011,0
50060012,22528,16775582,NICOSIA,50060012,1
50060021,22528,16775583,LIMASSOL,50060021,0
50010012,22528,16775584,NICOSIA,50010012,1
50010011,22528,16775585,AG.NAPA-PARALIMNI,50010011,0
50010012,22528,16775586,NICOSIA,50010012,1
50010011,22528,16775587,AG.NAPA-PARALIMNI,50010011,0
50040012,22528,16775588,LARNACA,50040012,1
50040011,22528,16775589,LIMASSOL,50040011,0
50070031,22528,16775590,NICOSIA,50070031,0
50070032,22528,16775591,LARNACA,50070032,1
50070011,22528,16775592,NICOSIA,50070011,0
50070012,22528,16775593,LARNACA,50070012,1
50070011,22528,16775594,NICOSIA,50070011,0
50070012,22528,16775595,LARNACA,50070012,1
50040011,22528,16775596,LIMASSOL,50040011,0
50040012,22528,16775597,LARNACA,50040012,1
50040011,22528,16775598,LIMASSOL,50040011,0
50040012,22528,16775599,LARNACA,50040012,1
50050011,22528,16775600,PAFOS,50050011,0
50050012,22528,16775601,PARALIMNI,50050012,1
50020012,22528,16775602,LARNACA,50020012,1
50020011,22528,16775603,AG.NAPA-PARALIMNI,50020011,0
50020012,22528,16775604,LARNACA,50020012,1
50020011,22528,16775605,AG.NAPA-PARALIMNI,50020011,0
50060012,22528,16775606,NICOSIA,50060012,1
50060021,22528,16775607,LIMASSOL,50060021,0
50040011,22528,16775608,LIMASSOL,50040011,0
50040012,22528,16775609,LARNACA,50040012,1
50040011,22528,16775610,LIMASSOL,50040011,0
50040012,22528,16775611,LARNACA,50040012,1
50060011,22528,16775612,LIMASSOL,50060011,0
50060012,22528,16775613,NICOSIA,50060012,1
50060011,22528,16775614,LIMASSOL,50060011,0
50060012,22528,16775615,NICOSIA,50060012,1
50010022,22528,16775616,NICOSIA,50010022,1
50010021,22528,16775617,AG.NAPA-PARALIMNI,50010021,0
50010012,22528,16775618,NICOSIA,50010012,1
50010021,22528,16775619,AG.NAPA-PARALIMNI,50010021,0
50000042,22528,16775620,NICOSIA,50000042,1
50000011,22528,16775621,PAFOS,50000011,0
50000012,22528,16775622,NICOSIA,50000012,1
50000011,22528,16775623,PAFOS,50000011,0
50030012,22528,16775624,LIMASSOL,50030012,1
50030011,22528,16775625,PAFOS,50030011,0
50030012,22528,16775626,LIMASSOL,50030012,1
50030011,22528,16775627,PAFOS,50030011,0
50030012,22528,16775628,LIMASSOL,50030012,1
50030011,22528,16775629,PAFOS,50030011,0
50030011,22528,16775630,PAFOS,50030011,0
50030012,22528,16775631,LIMASSOL,50030012,1
50030011,22528,16775632,PAFOS,50030011,0
50030012,22528,16775633,LIMASSOL,50030012,1
50030011,22528,16775634,PAFOS,50030011,0
50030012,22528,16775635,LIMASSOL,50030012,1
50030012,22528,16775636,LIMASSOL,50030012,1
50030011,22528,16775637,PAFOS,50030011,0
50030012,22528,16775638,LIMASSOL,50030012,1
50030011,22528,16775639,PAFOS,50030011,0
50030012,22528,16775640,LIMASSOL,50030012,1
50030011,22528,16775641,PAFOS,50030011,0
50040011,22528,16775642,LIMASSOL,50040011,0
50040012,22528,16775643,LARNACA,50040012,1
50070011,22528,16775644,NICOSIA,50070011,0
50070012,22528,16775645,LARNACA,50070012,1
50070011,22528,16775646,NICOSIA,50070011,0
50070012,22528,16775647,LARNACA,50070012,1
50070011,22528,16775648,NICOSIA,50070011,0
50070012,22528,16775649,LARNACA,50070012,1
50070012,22528,16775650,LARNACA,50070012,1
50070011,22528,16775651,NICOSIA,50070011,0
50070012,22528,16775652,LARNACA,50070012,1
50070011,22528,16775653,NICOSIA,50070011,0
50070012,22528,16775654,LARNACA,50070012,1
50070011,22528,16775655,NICOSIA,50070011,0
50000041,22528,16775656,PAPHOS,50000041,0
50000012,22528,16775657,NICOSIA,50000012,1
50030012,22528,16775658,LIMASSOL,50030012,1
50030011,22528,16775659,PAFOS,50030011,0
50030012,22528,16775660,LIMASSOL,50030012,1
50030011,22528,16775661,PAFOS,50030011,0
50010012,22528,16775662,NICOSIA,50010012,1
50010021,22528,16775663,AG.NAPA-PARALIMNI,50010021,0
50010012,22528,16775664,NICOSIA,50010012,1
50010011,22528,16775665,AG.NAPA-PARALIMNI,50010011,0
50060011,22528,16775666,LIMASSOL,50060011,0
50060012,22528,16775667,NICOSIA,50060012,1
50060011,22528,16775668,LIMASSOL,50060011,0
50060012,22528,16775669,NICOSIA,50060012,1
50010011,22528,16775670,AG.NAPA-PARALIMNI,50010011,0
50010012,22528,16775671,NICOSIA,50010012,1
50010011,22528,16775672,AG.NAPA-PARALIMNI,50010011,0
50010012,22528,16775673,NICOSIA,50010012,1
50000011,22528,16775674,PAFOS,50000011,0
50000012,22528,16775675,NICOSIA,50000012,1
50000081,22528,16775676,PAFOS,50000081,0
50000042,22528,16775677,NICOSIA,50000042,1
50040011,22528,16775678,LIMASSOL,50040011,0
50040012,22528,16775679,LARNACA,50040012,1
50040011,22528,16775680,LIMASSOL,50040011,0
50040012,22528,16775681,LARNACA,50040012,1
50030012,22528,16775682,LIMASSOL,50030012,1
50030011,22528,16775683,PAFOS,50030011,0
50060042,22528,16775684,NICOSIA,50060042,1
50060041,22528,16775685,NORTH LIMASSOL,50060041,0
50060012,22528,16775686,NICOSIA,50060012,1
50060011,22528,16775687,LIMASSOL,50060011,0
50060012,22528,16775688,NICOSIA,50060012,1
50060011,22528,16775689,LIMASSOL,50060011,0
50040011,22528,16775690,LIMASSOL,50040011,0
50040012,22528,16775691,LARNACA,50040012,1
50040011,22528,16775692,LIMASSOL,50040011,0
50040012,22528,16775693,LARNACA,50040012,1
50030011,22528,16775694,PAFOS,50030011,0
50030012,22528,16775695,LIMASSOL,50030012,1
50020011,22528,16775696,AG.NAPA-PARALIMNI,50020011,0
50020012,22528,16775697,LARNACA,50020012,1
50020011,22528,16775698,AG.NAPA-PARALIMNI,50020011,0
50020012,22528,16775699,LARNACA,50020012,1
50020011,22528,16775700,AG.NAPA-PARALIMNI,50020011,0
50020012,22528,16775701,LARNACA,50020012,1
50040012,22528,16775702,LARNACA,50040012,1
50040011,22528,16775703,LIMASSOL,50040011,0
50040012,22528,16775704,LARNACA,50040012,1
50040011,22528,16775705,LIMASSOL,50040011,0
50020012,22528,16775706,LARNACA,50020012,1
50020011,22528,16775707,AG.NAPA-PARALIMNI,50020011,0
50020012,22528,16775708,LARNACA,50020012,1
50020011,22528,16775709,AG.NAPA-PARALIMNI,50020011,0
50010011,22528,16775710,AG.NAPA-PARALIMNI,50010011,0
50010042,22528,16775711,NICOSIA,50010042,1
50010011,22528,16775712,AG.NAPA-PARALIMNI,50010011,0
50010042,22528,16775713,NICOSIA,50010042,1
50070011,22528,16775714,NICOSIA,50070011,0
50070012,22528,16775715,LARNACA,50070012,1
50070011,22528,16775716,NICOSIA,50070011,0
50070012,22528,16775717,LARNACA,50070012,1
50070011,22528,16775718,NICOSIA,50070011,0
50070032,22528,16775719,LARNACA,50070032,1
50060011,22528,16775720,LIMASSOL,50060011,0
50060042,22528,16775721,NICOSIA,50060042,1
50060041,22528,16775722,NORTH LIMASSOL,50060041,0
50060012,22528,16775723,NICOSIA,50060012,1
50070012,22528,16775724,LARNACA,50070012,1
50070011,22528,16775725,NICOSIA,50070011,0
50070012,22528,16775726,LARNACA,50070012,1
50070031,22528,16775727,NICOSIA,50070031,0
50000011,22528,16775728,PAFOS,50000011,0
50070011,22528,16775729,NICOSIA,50070011,0
50070012,22528,16775730,LARNACA,50070012,1
50070011,22528,16775731,NICOSIA,50070011,0
50070012,22528,16775732,LARNACA,50070012,1
50020012,22528,16775733,LARNACA,50020012,1
50020011,22528,16775734,AG.NAPA-PARALIMNI,50020011,0
50060011,22528,16775735,LIMASSOL,50060011,0
50060012,22528,16775736,NICOSIA,50060012,1
50020012,22528,16775737,LARNACA,50020012,1
50020011,22528,16775738,AG.NAPA-PARALIMNI,50020011,0
50020012,22528,16775739,LARNACA,50020012,1
50020011,22528,16775740,AG.NAPA-PARALIMNI,50020011,0
50060011,22528,16775741,LIMASSOL,50060011,0
50060012,22528,16775742,NICOSIA,50060012,1
50060021,22528,16775743,LIMASSOL,50060021,0
50060012,22528,16775744,NICOSIA,50060012,1
50060012,22528,16775745,NICOSIA,50060012,1
50060011,22528,16775746,LIMASSOL,50060011,0
50000012,22528,16775747,NICOSIA,50000012,1
50000041,22528,16775748,PAPHOS,50000041,0
50030012,22528,16775749,LIMASSOL,50030012,1
50010012,22528,16775750,NICOSIA,50010012,1
50010031,22528,16775751,PARALIMNI,50010031,0
50060022,22528,16775752,NICOSIA,50060022,1
50000051,22529,16775753,EAC-PAFOS,50000051,0
50000012,22529,16775754,NICOSIA,50000012,1
50000062,22529,16775755,L. AKRITA (NIC),50000062,1
50000071,22529,16775756,CUT-PAFOS,50000071,0
50010052,22529,16775757,NICOSIA,50010052,1
50010011,22529,16775758,AG.NAPA-PARALIMNI,50010011,0
50010012,22529,16775759,NICOSIA,50010012,1
50010031,22529,16775760,PARALIMNI,50010031,0
50060032,22529,16775761,NICOSIA,50060032,1
50060011,22529,16775762,LIMASSOL,50060011,0
50060042,22529,16775763,NICOSIA,50060042,1
50060041,22529,16775764,NORTH LIMASSOL,50060041,0
50060012,22529,16775765,NICOSIA,50060012,1
50060021,22529,16775766,LIMASSOL,50060021,0
50060012,22529,16775767,NICOSIA,50060012,1
50060021,22529,16775768,LIMASSOL,50060021,0
50000062,22529,16775769,L. AKRITA (NIC),50000062,1
50000011,22529,16775770,PAFOS,50000011,0
50060011,22529,16775771,LIMASSOL,50060011,0
50060012,22529,16775772,NICOSIA,50060012,1
50060011,22529,16775773,LIMASSOL,50060011,0
50060012,22529,16775774,NICOSIA,50060012,1
50040012,22529,16775775,LARNACA,50040012,1
50040011,22529,16775776,LIMASSOL,50040011,0
50040012,22529,16775777,LARNACA,50040012,1
50040011,22529,16775778,LIMASSOL,50040011,0
50000031,22529,16775779,CUT-PAFOS,50000031,0
50000012,22529,16775780,NICOSIA,50000012,1
50030012,22529,16775781,LIMASSOL,50030012,1
50030011,22529,16775782,PAFOS,50030011,0
50010012,22529,16775783,NICOSIA,50010012,1
50010031,22529,16775784,PARALIMNI,50010031,0
50010012,22529,16775785,NICOSIA,50010012,1
50010011,22529,16775786,AG.NAPA-PARALIMNI,50010011,0
50020012,22529,16775787,LARNACA,50020012,1
50020011,22529,16775788,AG.NAPA-PARALIMNI,50020011,0
50020012,22529,16775789,LARNACA,50020012,1
50020011,22529,16775790,AG.NAPA-PARALIMNI,50020011,0
50070041,22529,16775791,NICOSIA,50070041,0
50070012,22529,16775792,LARNACA,50070012,1
50070051,22529,16775793,NICOSIA,50070051,0
50070012,22529,16775794,LARNACA,50070012,1
50070011,22529,16775795,NICOSIA,50070011,0
50070042,22529,16775796,LARNACA,50070042,1
50040011,22529,16775797,LIMASSOL,50040011,0
50040012,22529,16775798,LARNACA,50040012,1
50020011,22529,16775799,AG.NAPA-PARALIMNI,50020011,0
50020012,22529,16775800,LARNACA,50020012,1
50020011,22529,16775801,AG.NAPA-PARALIMNI,50020011,0
50020012,22529,16775802,LARNACA,50020012,1
50020011,22529,16775803,AG.NAPA-PARALIMNI,50020011,0
50020012,22529,16775804,LARNACA,50020012,1
50070021,22529,16775805,NICOSIA,50070021,0
50070012,22529,16775806,LARNACA,50070012,1
50070011,22529,16775807,NICOSIA,50070011,0
50070012,22529,16775808,LARNACA,50070012,1
50070011,22529,16775809,NICOSIA,50070011,0
50070022,22529,16775810,LARNACA (ST GEO.),50070022,1
50070032,22529,16775811,LARNACA,50070032,1
50070011,22529,16775812,NICOSIA,50070011,0
50070012,22529,16775813,LARNACA,50070012,1
50070011,22529,16775814,NICOSIA,50070011,0
50060022,22529,16775815,NICOSIA,50060022,1
50060011,22529,16775816,LIMASSOL,50060011,0
50060012,22529,16775817,NICOSIA,50060012,1
50060011,22529,16775818,LIMASSOL,50060011,0
50070011,22529,16775819,NICOSIA,50070011,0
50070012,22529,16775820,LARNACA,50070012,1
50070011,22529,16775821,NICOSIA,50070011,0
50070012,22529,16775822,LARNACA,50070012,1
50030021,22529,16775823,PAPHOS,50030021,0
50030012,22529,16775824,LIMASSOL,50030012,1
50030011,22529,16775825,PAFOS,50030011,0
50030032,22529,16775826,LIMASSOL,50030032,1
50030012,22529,16775827,LIMASSOL,50030012,1
50030011,22529,16775828,PAFOS,50030011,0
50060011,22529,16775829,LIMASSOL,50060011,0
50060012,22529,16775830,NICOSIA,50060012,1
50040011,22529,16775831,LIMASSOL,50040011,0
50040012,22529,16775832,LARNACA,50040012,1
50060021,22529,16775833,LIMASSOL,50060021,0
50060022,22529,16775834,NICOSIA,50060022,1
50060012,22529,16775835,NICOSIA,50060012,1
50060011,22529,16775836,LIMASSOL,50060011,0
50070011,22529,16775837,NICOSIA,50070011,0
50070012,22529,16775838,LARNACA,50070012,1
50070011,22529,16775839,NICOSIA,50070011,0
50070012,22529,16775840,LARNACA,50070012,1
50040011,22529,16775841,LIMASSOL,50040011,0
50040012,22529,16775842,LARNACA,50040012,1
50000042,22529,16775843,NICOSIA,50000042,1
50000011,22529,16775844,PAFOS,50000011,0
50070011,22529,16775845,NICOSIA,50070011,0
50070012,22529,16775846,LARNACA,50070012,1
50060012,22529,16775847,NICOSIA,50060012,1
50060011,22529,16775848,LIMASSOL,50060011,0
50060012,22529,16775849,NICOSIA,50060012,1
50060011,22529,16775850,LIMASSOL,50060011,0
50010042,22529,16775851,NICOSIA,50010042,1
50010011,22529,16775852,AG.NAPA-PARALIMNI,50010011,0
50010042,22529,16775853,NICOSIA,50010042,1
50010011,22529,16775854,AG.NAPA-PARALIMNI,50010011,0
50040011,22529,16775855,LIMASSOL,50040011,0
50040012,22529,16775856,LARNACA,50040012,1
50040011,22529,16775857,LIMASSOL,50040011,0
50040012,22529,16775858,LARNACA,50040012,1
50060041,22529,16775859,NORTH LIMASSOL,50060041,0
50060012,22529,16775860,NICOSIA,50060012,1
50040012,22529,16775861,LARNACA,50040012,1
50040011,22529,16775862,LIMASSOL,50040011,0
50030041,22529,16775863,CUT-PAFOS,50030041,0
50030012,22529,16775864,LIMASSOL,50030012,1
50050011,22529,16775865,PAFOS,50050011,0
50050012,22529,16775866,PARALIMNI,50050012,1
50070051,22529,16775867,NICOSIA,50070051,0
50070012,22529,16775868,LARNACA,50070012,1
50030012,22529,16775869,LIMASSOL,50030012,1
50030011,22529,16775870,PAFOS,50030011,0
50030012,22529,16775871,LIMASSOL,50030012,1
50030011,22529,16775872,PAFOS,50030011,0
50010022,22529,16775873,NICOSIA,50010022,1
50010021,22529,16775874,AG.NAPA-PARALIMNI,50010021,0
50070031,22529,16775875,NICOSIA,50070031,0
50070012,22529,16775876,LARNACA,50070012,1
50070031,22529,16775877,NICOSIA,50070031,0
50070012,22529,16775878,LARNACA,50070012,1
50070011,22529,16775879,NICOSIA,50070011,0
50070012,22529,16775880,LARNACA,50070012,1
50020012,22529,16775881,LARNACA,50020012,1
50020011,22529,16775882,AG.NAPA-PARALIMNI,50020011,0
50060012,22529,16775883,NICOSIA,50060012,1
50060011,22529,16775884,LIMASSOL,50060011,0
50030012,22529,16775885,LIMASSOL,50030012,1
50030041,22529,16775886,CUT-PAFOS,50030041,0
50040011,22529,16775887,LIMASSOL,50040011,0
50040012,22529,16775888,LARNACA,50040012,1
50040011,22529,16775889,LIMASSOL,50040011,0
50040012,22529,16775890,LARNACA,50040012,1
50000011,22529,16775891,PAFOS,50000011,0
50000042,22529,16775892,NICOSIA,50000042,1
50010012,22529,16775893,NICOSIA,50010012,1
50010011,22529,16775894,AG.NAPA-PARALIMNI,50010011,0
50010012,22529,16775895,NICOSIA,50010012,1
50010011,22529,16775896,AG.NAPA-PARALIMNI,50010011,0
50030012,22529,16775897,LIMASSOL,50030012,1
50030011,22529,16775898,PAFOS,50030011,0
50040011,22529,16775899,LIMASSOL,50040011,0
50040012,22529,16775900,LARNACA,50040012,1
50060011,22529,16775901,LIMASSOL,50060011,0
50060012,22529,16775902,NICOSIA,50060012,1
50000012,22529,16775903,NICOSIA,50000012,1
50000021,22529,16775904,PAFOS,50000021,0
50070011,22529,16775905,NICOSIA,50070011,0
50070012,22529,16775906,LARNACA,50070012,1
50030012,22529,16775907,LIMASSOL,50030012,1
50030011,22529,16775908,PAFOS,50030011,0
50010012,22529,16775909,NICOSIA,50010012,1
50010011,22529,16775910,AG.NAPA-PARALIMNI,50010011,0
50010042,22529,16775911,NICOSIA,50010042,1
50010031,22529,16775912,PARALIMNI,50010031,0
50000041,22529,16775913,PAPHOS,50000041,0
50000042,22529,16775914,NICOSIA,50000042,1
50060012,22529,16775915,NICOSIA,50060012,1
50060011,22529,16775916,LIMASSOL,50060011,0
50070032,22529,16775917,LARNACA,50070032,1
50070011,22529,16775918,NICOSIA,50070011,0
50020012,22529,16775919,LARNACA,50020012,1
50020011,22529,16775920,AG.NAPA-PARALIMNI,50020011,0
50020012,22529,16775921,LARNACA,50020012,1
50020011,22529,16775922,AG.NAPA-PARALIMNI,50020011,0
50000011,22529,16775923,PAFOS,50000011,0
50000072,22529,16775924,NICOSIA,50000072,1
50020011,22529,16775925,AG.NAPA-PARALIMNI,50020011,0
50020012,22529,16775926,LARNACA,50020012,1
50020011,22529,16775927,AG.NAPA-PARALIMNI,50020011,0
50020012,22529,16775928,LARNACA,50020012,1
50020011,22529,16775929,AG.NAPA-PARALIMNI,50020011,0
50020012,22529,16775930,LARNACA,50020012,1
50070052,22529,16775931,LARNACA,50070052,1
50070011,22529,16775932,NICOSIA,50070011,0
50030012,22529,16775933,LIMASSOL,50030012,1
50030011,22529,16775934,PAFOS,50030011,0
50010012,22529,16775935,NICOSIA,50010012,1
50010021,22529,16775936,AG.NAPA-PARALIMNI,50010021,0
50020012,22529,16775937,LARNACA,50020012,1
50020011,22529,16775938,AG.NAPA-PARALIMNI,50020011,0
50060011,22529,16775939,LIMASSOL,50060011,0
50060022,22529,16775940,NICOSIA,50060022,1
50070012,22529,16775941,LARNACA,50070012,1
50070011,22529,16775942,NICOSIA,50070011,0
50010012,22529,16775943,NICOSIA,50010012,1
50010011,22529,16775944,AG.NAPA-PARALIMNI,50010011,0
50010042,22529,16775945,NICOSIA,50010042,1
50010031,22529,16775946,PARALIMNI,50010031,0
50070051,22529,16775947,NICOSIA,50070051,0
50070052,22529,16775948,LARNACA,50070052,1
50070011,22529,16775949,NICOSIA,50070011,0
50070052,22529,16775950,LARNACA,50070052,1
50030042,22529,16775951,LIMASSOL,50030042,1
50030011,22529,16775952,PAFOS,50030011,0
50030032,22529,16775953,LIMASSOL,50030032,1
50030011,22529,16775954,PAFOS,50030011,0
50060012,22529,16775955,NICOSIA,50060012,1
50060011,22529,16775956,LIMASSOL,50060011,0
50060012,22529,16775957,NICOSIA,50060012,1
50060021,22529,16775958,LIMASSOL,50060021,0
50060031,22529,16775959,NORTH LIMASSOL,50060031,0
50060042,22529,16775960,NICOSIA,50060042,1
50060011,22529,16775961,LIMASSOL,50060011,0
50060012,22529,16775962,NICOSIA,50060012,1
50030032,22529,16775963,LIMASSOL,50030032,1
50030011,22529,16775964,PAFOS,50030011,0
50060011,22529,16775965,LIMASSOL,50060011,0
50060012,22529,16775966,NICOSIA,50060012,1
50040011,22529,16775967,LIMASSOL,50040011,0
50040012,22529,16775968,LARNACA,50040012,1
50040011,22529,16775969,LIMASSOL,50040011,0
50040012,22529,16775970,LARNACA,50040012,1
50040012,22529,16775971,LARNACA,50040012,1
50040011,22529,16775972,LIMASSOL,50040011,0
50040012,22529,16775973,LARNACA,50040012,1
50040011,22529,16775974,LIMASSOL,50040011,0
50000061,22529,16775975,PAFOS,50000061,0
50000012,22529,16775976,NICOSIA,50000012,1
50070011,22529,16775977,NICOSIA,50070011,0
50070012,22529,16775978,LARNACA,50070012,1
50070011,22529,16775979,NICOSIA,50070011,0
50070032,22529,16775980,LARNACA,50070032,1
50060021,22529,16775981,LIMASSOL,50060021,0
50060012,22529,16775982,NICOSIA,50060012,1
50000012,22529,16775983,NICOSIA,50000012,1
50000011,22529,16775984,PAFOS,50000011,0
50070011,22529,16775985,NICOSIA,50070011,0
50070012,22529,16775986,LARNACA,50070012,1
50040011,22529,16775987,LIMASSOL,50040011,0
50040012,22529,16775988,LARNACA,50040012,1
50060011,22529,16775989,LIMASSOL,50060011,0
50060022,22529,16775990,NICOSIA,50060022,1
50030012,22529,16775991,LIMASSOL,50030012,1
50030011,22529,16775992,PAFOS,50030011,0
50020012,22529,16775993,LARNACA,50020012,1
50020011,22529,16775994,AG.NAPA-PARALIMNI,50020011,0
50020012,22529,16775995,LARNACA,50020012,1
50020011,22529,16775996,AG.NAPA-PARALIMNI,50020011,0
50070012,22529,16775997,LARNACA,50070012,1
50070011,22529,16775998,NICOSIA,50070011,0
50000011,22529,16775999,PAFOS,50000011,0
50000012,22529,16776000,NICOSIA,50000012,1
50040011,22529,16776001,LIMASSOL,50040011,0
50040012,22529,16776002,LARNACA,50040012,1
50000072,22529,16776003,NICOSIA,50000072,1
50000041,22529,16776004,PAPHOS,50000041,0
50030042,22529,16776005,LIMASSOL,50030042,1
50030011,22529,16776006,PAFOS,50030011,0
50030011,22529,16776007,PAFOS,50030011,0
50030042,22529,16776008,LIMASSOL,50030042,1
50040012,22529,16776009,LARNACA,50040012,1
50040011,22529,16776010,LIMASSOL,50040011,0
50000011,22529,16776011,PAFOS,50000011,0
50000042,22529,16776012,NICOSIA,50000042,1
50070011,22529,16776013,NICOSIA,50070011,0
50070012,22529,16776014,LARNACA,50070012,1
50070011,22529,16776015,NICOSIA,50070011,0
50070012,22529,16776016,LARNACA,50070012,1
50040012,22529,16776017,LARNACA,50040012,1
50040011,22529,16776018,LIMASSOL,50040011,0
50030011,22529,16776019,PAFOS,50030011,0
50030012,22529,16776020,LIMASSOL,50030012,1
50010012,22529,16776021,NICOSIA,50010012,1
50010011,22529,16776022,AG.NAPA-PARALIMNI,50010011,0
50060011,22529,16776023,LIMASSOL,50060011,0
50060012,22529,16776024,NICOSIA,50060012,1
50020012,22529,16776025,LARNACA,50020012,1
50020011,22529,16776026,AG.NAPA-PARALIMNI,50020011,0
50060041,22529,16776027,NORTH LIMASSOL,50060041,0
50060022,22529,16776028,NICOSIA,50060022,1
50070012,22529,16776029,LARNACA,50070012,1
50070031,22529,16776030,NICOSIA,50070031,0
50000051,22757,16967236,EAC-PAFOS,50000051,0
50000012,22757,16967237,NICOSIA,50000012,1
50000062,22757,16967238,L. AKRITA (NIC),50000062,1
50000071,22757,16967239,CUT-PAFOS,50000071,0
50010052,22757,16967240,NICOSIA,50010052,1
50010011,22757,16967241,AG.NAPA-PARALIMNI,50010011,0
50010012,22757,16967242,NICOSIA,50010012,1
50010031,22757,16967243,PARALIMNI,50010031,0
50060032,22757,16967244,NICOSIA,50060032,1
50060011,22757,16967245,LIMASSOL,50060011,0
50060042,22757,16967246,NICOSIA,50060042,1
50060041,22757,16967247,NORTH LIMASSOL,50060041,0
50000062,22757,16967248,L. AKRITA (NIC),50000062,1
50000011,22757,16967249,PAFOS,50000011,0
50060012,22757,16967250,NICOSIA,50060012,1
50060021,22757,16967251,LIMASSOL,50060021,0
50060012,22757,16967252,NICOSIA,50060012,1
50060021,22757,16967253,LIMASSOL,50060021,0
50040012,22757,16967254,LARNACA,50040012,1
50040011,22757,16967255,LIMASSOL,50040011,0
50040012,22757,16967256,LARNACA,50040012,1
50040011,22757,16967257,LIMASSOL,50040011,0
50060011,22757,16967258,LIMASSOL,50060011,0
50060012,22757,16967259,NICOSIA,50060012,1
50060011,22757,16967260,LIMASSOL,50060011,0
50060012,22757,16967261,NICOSIA,50060012,1
50000031,22757,16967262,CUT-PAFOS,50000031,0
50000012,22757,16967263,NICOSIA,50000012,1
50030012,22757,16967264,LIMASSOL,50030012,1
50030011,22757,16967265,PAFOS,50030011,0
50010012,22757,16967266,NICOSIA,50010012,1
50010031,22757,16967267,PARALIMNI,50010031,0
50010012,22757,16967268,NICOSIA,50010012,1
50010011,22757,16967269,AG.NAPA-PARALIMNI,50010011,0
50020012,22757,16967270,LARNACA,50020012,1
50020011,22757,16967271,AG.NAPA-PARALIMNI,50020011,0
50020012,22757,16967272,LARNACA,50020012,1
50020011,22757,16967273,AG.NAPA-PARALIMNI,50020011,0
50070041,22757,16967274,NICOSIA,50070041,0
50070012,22757,16967275,LARNACA,50070012,1
50070051,22757,16967276,NICOSIA,50070051,0
50070012,22757,16967277,LARNACA,50070012,1
50070011,22757,16967278,NICOSIA,50070011,0
50070042,22757,16967279,LARNACA,50070042,1
50040011,22757,16967280,LIMASSOL,50040011,0
50040012,22757,16967281,LARNACA,50040012,1
50020011,22757,16967282,AG.NAPA-PARALIMNI,50020011,0
50020012,22757,16967283,LARNACA,50020012,1
50020011,22757,16967284,AG.NAPA-PARALIMNI,50020011,0
50020012,22757,16967285,LARNACA,50020012,1
50020011,22757,16967286,AG.NAPA-PARALIMNI,50020011,0
50060022,22757,16967287,NICOSIA,50060022,1
50060011,22757,16967288,LIMASSOL,50060011,0
50070021,22757,16967289,NICOSIA,50070021,0
50070012,22757,16967290,LARNACA,50070012,1
50070011,22757,16967291,NICOSIA,50070011,0
50070012,22757,16967292,LARNACA,50070012,1
50070011,22757,16967293,NICOSIA,50070011,0
50070022,22757,16967294,LARNACA (ST GEO.),50070022,1
50070032,22757,16967295,LARNACA,50070032,1
50070011,22757,16967296,NICOSIA,50070011,0
50070012,22757,16967297,LARNACA,50070012,1
50070011,22757,16967298,NICOSIA,50070011,0
50070011,22757,16967299,NICOSIA,50070011,0
50070012,22757,16967300,LARNACA,50070012,1
50070011,22757,16967301,NICOSIA,50070011,0
50030021,22757,16967302,PAPHOS,50030021,0
50030012,22757,16967303,LIMASSOL,50030012,1
50030011,22757,16967304,PAFOS,50030011,0
50030012,22757,16967305,LIMASSOL,50030012,1
50030011,22757,16967306,PAFOS,50030011,0
50060011,22757,16967307,LIMASSOL,50060011,0
50060012,22757,16967308,NICOSIA,50060012,1
50040011,22757,16967309,LIMASSOL,50040011,0
50040012,22757,16967310,LARNACA,50040012,1
50060021,22757,16967311,LIMASSOL,50060021,0
50060022,22757,16967312,NICOSIA,50060022,1
50060011,22757,16967313,LIMASSOL,50060011,0
50060012,22757,16967314,NICOSIA,50060012,1
50060011,22757,16967315,LIMASSOL,50060011,0
50070011,22757,16967316,NICOSIA,50070011,0
50070012,22757,16967317,LARNACA,50070012,1
50000042,22757,16967318,NICOSIA,50000042,1
50000011,22757,16967319,PAFOS,50000011,0
50070011,22757,16967320,NICOSIA,50070011,0
50070012,22757,16967321,LARNACA,50070012,1
50040011,22757,16967322,LIMASSOL,50040011,0
50040012,22757,16967323,LARNACA,50040012,1
50060012,22757,16967324,NICOSIA,50060012,1
50060011,22757,16967325,LIMASSOL,50060011,0
50060012,22757,16967326,NICOSIA,50060012,1
50010042,22757,16967327,NICOSIA,50010042,1
50010011,22757,16967328,AG.NAPA-PARALIMNI,50010011,0
50010042,22757,16967329,NICOSIA,50010042,1
50010011,22757,16967330,AG.NAPA-PARALIMNI,50010011,0
50040011,22757,16967331,LIMASSOL,50040011,0
50040012,22757,16967332,LARNACA,50040012,1
50040011,22757,16967333,LIMASSOL,50040011,0
50040012,22757,16967334,LARNACA,50040012,1
50060041,22757,16967335,NORTH LIMASSOL,50060041,0
50060012,22757,16967336,NICOSIA,50060012,1
50040012,22757,16967337,LARNACA,50040012,1
50040011,22757,16967338,LIMASSOL,50040011,0
50030041,22757,16967339,CUT-PAFOS,50030041,0
50030012,22757,16967340,LIMASSOL,50030012,1
50050011,22757,16967341,PAFOS,50050011,0
50070051,22757,16967342,NICOSIA,50070051,0
50070012,22757,16967343,LARNACA,50070012,1
50030012,22757,16967344,LIMASSOL,50030012,1
50030011,22757,16967345,PAFOS,50030011,0
50030012,22757,16967346,LIMASSOL,50030012,1
50030011,22757,16967347,PAFOS,50030011,0
50010022,22757,16967348,NICOSIA,50010022,1
50010021,22757,16967349,AG.NAPA-PARALIMNI,50010021,0
50070031,22757,16967350,NICOSIA,50070031,0
50070012,22757,16967351,LARNACA,50070012,1
50070031,22757,16967352,NICOSIA,50070031,0
50070012,22757,16967353,LARNACA,50070012,1
50020012,22757,16967354,LARNACA,50020012,1
50020011,22757,16967355,AG.NAPA-PARALIMNI,50020011,0
50060012,22757,16967356,NICOSIA,50060012,1
50060011,22757,16967357,LIMASSOL,50060011,0
50030012,22757,16967358,LIMASSOL,50030012,1
50030041,22757,16967359,CUT-PAFOS,50030041,0
50000011,22757,16967360,PAFOS,50000011,0
50000042,22757,16967361,NICOSIA,50000042,1
50040011,22757,16967362,LIMASSOL,50040011,0
50040012,22757,16967363,LARNACA,50040012,1
50040011,22757,16967364,LIMASSOL,50040011,0
50010012,22757,16967365,NICOSIA,50010012,1
50010011,22757,16967366,AG.NAPA-PARALIMNI,50010011,0
50040011,22757,16967367,LIMASSOL,50040011,0
50040012,22757,16967368,LARNACA,50040012,1
50030012,22757,16967369,LIMASSOL,50030012,1
50030011,22757,16967370,PAFOS,50030011,0
50060011,22757,16967371,LIMASSOL,50060011,0
50060012,22757,16967372,NICOSIA,50060012,1
50070011,22757,16967373,NICOSIA,50070011,0
50070012,22757,16967374,LARNACA,50070012,1
50000012,22757,16967375,NICOSIA,50000012,1
50000021,22757,16967376,PAFOS,50000021,0
50070011,22757,16967377,NICOSIA,50070011,0
50070012,22757,16967378,LARNACA,50070012,1
50030012,22757,16967379,LIMASSOL,50030012,1
50030011,22757,16967380,PAFOS,50030011,0
50010012,22757,16967381,NICOSIA,50010012,1
50010011,22757,16967382,AG.NAPA-PARALIMNI,50010011,0
50000041,22757,16967383,PAPHOS,50000041,0
50000042,22757,16967384,NICOSIA,50000042,1
50060012,22757,16967385,NICOSIA,50060012,1
50060011,22757,16967386,LIMASSOL,50060011,0
50070032,22757,16967387,LARNACA,50070032,1
50070011,22757,16967388,NICOSIA,50070011,0
50020012,22757,16967389,LARNACA,50020012,1
50020011,22757,16967390,AG.NAPA-PARALIMNI,50020011,0
50000011,22757,16967391,PAFOS,50000011,0
50020011,22757,16967392,AG.NAPA-PARALIMNI,50020011,0
50020012,22757,16967393,LARNACA,50020012,1
50070052,22757,16967394,LARNACA,50070052,1
50070011,22757,16967395,NICOSIA,50070011,0
50030012,22757,16967396,LIMASSOL,50030012,1
50010012,22757,16967397,NICOSIA,50010012,1
50020012,22757,16967398,LARNACA,50020012,1
50030042,22757,16967399,LIMASSOL,50030042,1
50010012,22757,16967400,NICOSIA,50010012,1
50070051,22757,16967401,NICOSIA,50070051,0
50070012,22757,16967402,LARNACA,50070012,1
50060012,22757,16967403,NICOSIA,50060012,1
50060031,22757,16967404,NORTH LIMASSOL,50060031,0
50030032,22757,16967405,LIMASSOL,50030032,1
50060011,22757,16967406,LIMASSOL,50060011,0
50040012,22757,16967407,LARNACA,50040012,1
50040011,22757,16967408,LIMASSOL,50040011,0
50000061,22757,16967409,PAFOS,50000061,0
50000072,22757,16967410,NICOSIA,50000072,1
50060021,22757,16967411,LIMASSOL,50060021,0
50060012,22757,16967412,NICOSIA,50060012,1
50030011,22757,16967413,PAFOS,50030011,0
50070011,22757,16967414,NICOSIA,50070011,0
50070012,22757,16967415,LARNACA,50070012,1
50070011,22757,16967416,NICOSIA,50070011,0
50070032,22757,16967417,LARNACA,50070032,1
50060012,22757,16967418,NICOSIA,50060012,1
50060011,22757,16967419,LIMASSOL,50060011,0
50010012,22757,16967420,NICOSIA,50010012,1
50010011,22757,16967421,AG.NAPA-PARALIMNI,50010011,0
50070012,22757,16967422,LARNACA,50070012,1
50020011,22757,16967423,AG.NAPA-PARALIMNI,50020011,0
50020012,22757,16967424,LARNACA,50020012,1
50030032,22757,16967425,LIMASSOL,50030032,1
50020012,22757,16967426,LARNACA,50020012,1
50020011,22757,16967427,AG.NAPA-PARALIMNI,50020011,0
50020012,22757,16967428,LARNACA,50020012,1
50020011,22757,16967429,AG.NAPA-PARALIMNI,50020011,0
50070052,22757,16967430,LARNACA,50070052,1
50070011,22757,16967431,NICOSIA,50070011,0
50070052,22757,16967432,LARNACA,50070052,1
50070011,22757,16967433,NICOSIA,50070011,0
50060011,22757,16967434,LIMASSOL,50060011,0
50060022,22757,16967435,NICOSIA,50060022,1
50010021,22757,16967436,AG.NAPA-PARALIMNI,50010021,0
50000012,22757,16967437,NICOSIA,50000012,1
50000011,22757,16967438,PAFOS,50000011,0
50070011,22757,16967439,NICOSIA,50070011,0
50070012,22757,16967440,LARNACA,50070012,1
50020011,22757,16967441,AG.NAPA-PARALIMNI,50020011,0
50020012,22757,16967442,LARNACA,50020012,1
50020011,22757,16967443,AG.NAPA-PARALIMNI,50020011,0
50020012,22757,16967444,LARNACA,50020012,1
50040011,22757,16967445,LIMASSOL,50040011,0
50040012,22757,16967446,LARNACA,50040012,1
50060011,22757,16967447,LIMASSOL,50060011,0
50060022,22757,16967448,NICOSIA,50060022,1
50030011,22757,16967449,PAFOS,50030011,0
50050012,22757,16967450,PARALIMNI,50050012,1
50070012,22757,16967451,LARNACA,50070012,1
50070011,22757,16967452,NICOSIA,50070011,0
50020012,22757,16967453,LARNACA,50020012,1
50020011,22757,16967454,AG.NAPA-PARALIMNI,50020011,0
50020012,22757,16967455,LARNACA,50020012,1
50020011,22757,16967456,AG.NAPA-PARALIMNI,50020011,0
50070011,22757,16967457,NICOSIA,50070011,0
50070012,22757,16967458,LARNACA,50070012,1
50040012,22757,16967459,LARNACA,50040012,1
50030012,22757,16967460,LIMASSOL,50030012,1
50030011,22757,16967461,PAFOS,50030011,0
50000011,22757,16967462,PAFOS,50000011,0
50000012,22757,16967463,NICOSIA,50000012,1
50010011,22757,16967464,AG.NAPA-PARALIMNI,50010011,0
50010042,22757,16967465,NICOSIA,50010042,1
50010031,22757,16967466,PARALIMNI,50010031,0
50010042,22757,16967467,NICOSIA,50010042,1
50010031,22757,16967468,PARALIMNI,50010031,0
50030042,22757,16967469,LIMASSOL,50030042,1
50030011,22757,16967470,PAFOS,50030011,0
50060012,22757,16967471,NICOSIA,50060012,1
50040011,22757,16967472,LIMASSOL,50040011,0
50040012,22757,16967473,LARNACA,50040012,1
50060011,22757,16967474,LIMASSOL,50060011,0
50060012,22757,16967475,NICOSIA,50060012,1
50060021,22757,16967476,LIMASSOL,50060021,0
50000072,22757,16967477,NICOSIA,50000072,1
50000041,22757,16967478,PAPHOS,50000041,0
50040012,22757,16967479,LARNACA,50040012,1
50040011,22757,16967480,LIMASSOL,50040011,0
50040012,22757,16967481,LARNACA,50040012,1
50030011,22757,16967482,PAFOS,50030011,0
50030042,22757,16967483,LIMASSOL,50030042,1
50000011,22757,16967484,PAFOS,50000011,0
50000042,22757,16967485,NICOSIA,50000042,1
50070011,22757,16967486,NICOSIA,50070011,0
50070012,22757,16967487,LARNACA,50070012,1
50070011,22757,16967488,NICOSIA,50070011,0
50070012,22757,16967489,LARNACA,50070012,1
50040012,22757,16967490,LARNACA,50040012,1
50040011,22757,16967491,LIMASSOL,50040011,0
50040011,22757,16967492,LIMASSOL,50040011,0
50040012,22757,16967493,LARNACA,50040012,1
50040011,22757,16967494,LIMASSOL,50040011,0
50060042,22757,16967495,NICOSIA,50060042,1
50060011,22757,16967496,LIMASSOL,50060011,0
50060012,22757,16967497,NICOSIA,50060012,1
50040012,22757,16967498,LARNACA,50040012,1
50040011,22757,16967499,LIMASSOL,50040011,0
50030011,22757,16967500,PAFOS,50030011,0
50030012,22757,16967501,LIMASSOL,50030012,1
50010012,22757,16967502,NICOSIA,50010012,1
50010011,22757,16967503,AG.NAPA-PARALIMNI,50010011,0
50030032,22757,16967504,LIMASSOL,50030032,1
50030011,22757,16967505,PAFOS,50030011,0
50060011,22757,16967506,LIMASSOL,50060011,0
50060012,22757,16967507,NICOSIA,50060012,1
50000012,22757,16967508,NICOSIA,50000012,1
50060041,22757,16967509,NORTH LIMASSOL,50060041,0
50060022,22757,16967510,NICOSIA,50060022,1
50070012,22757,16967511,LARNACA,50070012,1
50070031,22757,16967512,NICOSIA,50070031,0
50030011,22757,16967513,PAFOS,50030011,0
